14.595333,-60.995667;3
14.595333,-60.995667;3
14.595333,-60.995667;3
16.264,-61.516333;11
14.7745,-60.875333;26
16.264,-61.516333;11
16.264,-61.516333;11
14.595333,-60.995667;3
16.264,-61.516333;11
16.264,-61.516333;11
16.264,-61.516333;11
14.595333,-60.995667;3
14.595333,-60.995667;3
14.7745,-60.875333;26
14.595333,-60.995667;3
14.595333,-60.995667;3
14.595333,-60.995667;3
14.7745,-60.875333;26
14.595333,-60.995667;3
16.264,-61.516333;11
16.264,-61.516333;11
16.264,-61.516333;11
16.264,-61.516333;11
14.7745,-60.875333;26
16.264,-61.516333;11
16.264,-61.516333;11
14.595333,-60.995667;3
14.7745,-60.875333;26
14.595333,-60.995667;3
14.595333,-60.995667;3
14.7745,-60.875333;26
14.7745,-60.875333;26
16.264,-61.516333;11
14.7745,-60.875333;26
14.595333,-60.995667;3
16.264,-61.516333;11
14.595333,-60.995667;3
14.7745,-60.875333;26
14.595333,-60.995667;3
16.264,-61.516333;11
14.595333,-60.995667;3
14.595333,-60.995667;3
14.7745,-60.875333;26
14.595333,-60.995667;3
14.595333,-60.995667;3
16.264,-61.516333;11
14.595333,-60.995667;3
14.595333,-60.995667;3
16.264,-61.516333;11
14.7745,-60.875333;26
14.595333,-60.995667;3
16.264,-61.516333;11
16.264,-61.516333;11
14.595333,-60.995667;3
14.7745,-60.875333;26
16.264,-61.516333;11
14.7745,-60.875333;26
16.264,-61.516333;11
14.7745,-60.875333;26
16.264,-61.516333;11
14.595333,-60.995667;3
16.264,-61.516333;11
14.595333,-60.995667;3
14.595333,-60.995667;3
16.264,-61.516333;11
14.7745,-60.875333;26
16.264,-61.516333;11
16.264,-61.516333;11
14.595333,-60.995667;3
14.7745,-60.875333;26
14.595333,-60.995667;3
16.264,-61.516333;11
16.264,-61.516333;11
14.595333,-60.995667;3
14.595333,-60.995667;3
16.264,-61.516333;11
16.264,-61.516333;11
14.7745,-60.875333;26
14.7745,-60.875333;26
14.595333,-60.995667;3
14.7745,-60.875333;26
14.595333,-60.995667;3
14.7745,-60.875333;26
14.7745,-60.875333;26
14.595333,-60.995667;3
14.595333,-60.995667;3
16.264,-61.516333;11
16.264,-61.516333;11
14.595333,-60.995667;3
14.595333,-60.995667;3
16.264,-61.516333;11
16.264,-61.516333;11
14.595333,-60.995667;3
14.595333,-60.995667;3
14.595333,-60.995667;3
14.7745,-60.875333;26
16.264,-61.516333;11
16.264,-61.516333;11
14.595333,-60.995667;3
16.264,-61.516333;11
14.7745,-60.875333;26
16.264,-61.516333;11
16.264,-61.516333;11
14.7745,-60.875333;26
14.595333,-60.995667;3
14.7745,-60.875333;26
14.595333,-60.995667;3
16.264,-61.516333;11
14.595333,-60.995667;3
14.7745,-60.875333;26
16.264,-61.516333;11
14.595333,-60.995667;3
16.264,-61.516333;11
16.264,-61.516333;11
14.595333,-60.995667;3
16.264,-61.516333;11
14.7745,-60.875333;26
16.264,-61.516333;11
14.7745,-60.875333;26
14.7745,-60.875333;26
16.264,-61.516333;11
14.595333,-60.995667;3
14.7745,-60.875333;26
14.7745,-60.875333;26
14.595333,-60.995667;3
14.595333,-60.995667;3
14.7745,-60.875333;26
16.264,-61.516333;11
16.264,-61.516333;11
14.595333,-60.995667;3
14.7745,-60.875333;26
16.264,-61.516333;11
16.264,-61.516333;11
14.7745,-60.875333;26
16.264,-61.516333;11
14.7745,-60.875333;26
16.264,-61.516333;11
16.264,-61.516333;11
14.595333,-60.995667;3
14.7745,-60.875333;26
14.7745,-60.875333;26
16.264,-61.516333;11
14.7745,-60.875333;26
14.7745,-60.875333;26
14.595333,-60.995667;3
14.595333,-60.995667;3
16.264,-61.516333;11
16.264,-61.516333;11
14.7745,-60.875333;26
16.264,-61.516333;11
14.595333,-60.995667;3
14.595333,-60.995667;3
14.7745,-60.875333;26
