78925;83;14.595333,-60.995667
78925;80;14.595333,-60.995667
78925;84;14.595333,-60.995667
78897;81;16.264,-61.516333
78897;91;16.264,-61.516333
78925;83;14.595333,-60.995667
78897;94;16.264,-61.516333
78897;96;16.264,-61.516333
78897;75;16.264,-61.516333
78925;85;14.595333,-60.995667
78922;71;14.7745,-60.875333
78925;82;14.595333,-60.995667
78897;96;16.264,-61.516333
78925;56;14.595333,-60.995667
78925;57;14.595333,-60.995667
78897;83;16.264,-61.516333
78925;82;14.595333,-60.995667
78922;73;14.7745,-60.875333
78925;95;14.595333,-60.995667
78897;61;16.264,-61.516333
78925;76;14.595333,-60.995667
78922;54;14.7745,-60.875333
78897;64;16.264,-61.516333
78925;57;14.595333,-60.995667
78897;63;16.264,-61.516333
78897;69;16.264,-61.516333
78925;64;14.595333,-60.995667
78897;92;16.264,-61.516333
78922;77;14.7745,-60.875333
78897;68;16.264,-61.516333
78922;73;14.7745,-60.875333
