7558
61976
7027
7110
7591
71805
78925
7015
7149
81408
89642
7020
7761
81405
7168
7607
7650
71805
7149
61972
7280
7434
61976
7020
7117
7168
7690
61970
71805
7168
7181
7222
7335
7222
7650
61972
7015
7280
81405
7020
7207
7621
7747
7434
61998
7314
7015
7110
7168
7222
7630
7015
7481
7627
7510
78925
81408
78925
7434
7690
7015
7020
7335
7630
7314
61980
61996
71805
7207
7510
7577
7650
61972
7240
7577
7117
7130
7149
7190
7577
7627
78897
7577
61980
67005
61996
81408
7149
7299
7607
61972
7027
7255
7510
7222
7299
7630
7747
7790
7207
7280
7335
7607
7005
7207
7255
61976
81401
7790
61980
61976
7299
89642
7510
7207
7790
7130
7240
7643
7434
7471
61970
7222
7661
7190
7621
7577
7314
7481
61997
7027
7207
7510
7630
61970
61997
81415
61972
7027
7181
67005
71805
7222
61968
7650
81405
61997
61970
78897
7139
7335
7471
7130
78925
81408
7015
7790
7117
7434
7790
61972
67005
67005
78897
7020
7535
7027
7690
71805
7577
81408
7481
61997
7037
7661
7130
7139
78897
7015
7460
67005
61980
7005
7110
7434
7607
7130
7747
78897
81415
7240
61976
61998
78925
7207
7607
7139
81415
7020
7471
7510
7747
89642
7130
7240
7690
61968
81408
81415
7015
7020
61970
61998
7027
7222
7650
78922
7510
78925
7020
7558
78897
7181
7460
7207
7460
7761
61972
7577
67005
81401
81415
7222
7130
7280
61970
61980
7335
7280
7015
7110
7607
61980
7110
7149
61976
61980
7110
7181
7661
7460
61980
67005
7643
61970
81401
81405
89642
7630
61970
81408
67005
61968
61997
7222
61996
78925
81415
7280
67005
7005
7335
7558
7591
7643
7015
7207
7630
7535
61976
7020
7627
7650
7299
78925
7015
71805
7117
7591
81408
7037
7015
7110
78897
7149
7117
7434
7690
7661
61996
7005
7621
81405
7168
7761
67005
61980
61997
7558
61976
81408
7168
7481
7761
89642
7117
81408
7577
81401
7434
7027
7240
7335
7661
7630
7027
7149
78925
7460
7471
7577
7591
7005
7607
61968
61997
7222
61968
7005
71805
7207
7607
7630
71805
7591
7627
78922
7005
61996
7117
7481
7280
71805
7005
7434
78925
7240
7661
7207
7481
7790
81405
7117
7690
7027
7207
7627
7630
7630
89642
7471
7207
7314
7591
7434
78897
7240
7299
7460
7650
7314
7460
7535
78925
7005
7015
7110
7117
7335
7110
7335
7607
7627
61976
78922
7460
81401
7181
7747
81405
7207
7747
61997
7110
7027
61968
7661
81415
7130
7747
78897
7314
7149
7335
7117
7190
7207
7577
7630
7190
7037
7535
7280
7110
7299
7314
71805
7650
7790
61968
71805
89642
7314
7434
7434
7510
7747
7027
7535
61968
7190
7335
7630
7299
61997
7280
61997
7117
7335
7661
81401
7110
7627
78925
7110
61997
89642
7130
61968
61980
89642
7222
7690
81405
81401
7130
7460
81401
7130
7255
7471
78897
7005
7015
7149
7643
78897
81401
61972
7434
7481
81415
7181
7207
7481
7591
61980
7015
7747
61980
7027
61998
7222
7661
7149
7190
7240
7630
7481
7630
61997
7558
7747
7181
7661
78925
61996
67005
7255
61980
61972
7139
7130
7577
7607
7790
67005
7222
61980
61997
7627
81408
7110
7168
7434
7314
7747
61998
7510
7299
7314
7434
7510
7149
81415
7255
7535
7643
7761
67005
7335
7015
7314
7460
71805
81401
7535
7747
7761
7481
7761
61980
78897
7168
7222
7240
61997
7627
7027
81415
7747
7535
7037
7240
7299
7558
7690
71805
81401
7117
7015
7181
78922
7130
7149
7005
7110
78897
7471
61998
78922
7027
81408
7621
