7558;2010-01-05T10:00:00+01:00;100280;260;1.5;100;91870.0;;;44.1185,3.0195;2.6000000000000227;;;712;12145
61976;2010-01-05T10:00:00+01:00;100990;;;69;;;;-15.887667,54.520667;32.30000000000001;;;7;
7027;2010-01-05T13:00:00+01:00;100720;200;3.6;87;99880.0;;;49.18,-0.456167;0.5;;;67;14137
7110;2010-01-05T13:00:00+01:00;100750;210;4.1;73;99580.0;;;48.444167,-4.412;3.8000000000000114;;;94;29075
7591;2010-01-05T13:00:00+01:00;;;;67;89870.0;;;44.565667,6.502333;1.3000000000000114;;;871;5046
71805;2010-01-05T13:00:00+01:00;99010;210;9.8;99;98920.0;;;46.766333,-56.179167;1.900000000000034;;;21;
78925;2010-01-05T13:00:00+01:00;101630;30;0.5;83;;100.0;1.2;14.595333,-60.995667;25.900000000000034;;30.400000000000034;3;97213
7015;2010-01-05T16:00:00+01:00;100480;190;1.5;78;99900.0;;;50.57,3.0975;1.7000000000000455;;;47;59256
7149;2010-01-05T16:00:00+01:00;100530;10;2.6;69;99410.0;;;48.716833,2.384333;-0.5;;;89;91027
81408;2010-01-05T16:00:00+01:00;101220;80;4.1;69;101140.0;;;3.890667,-51.804667;30.100000000000023;;;6;97308
89642;2010-01-05T16:00:00+01:00;100020;120;4.1;67;99480.0;;;-66.663167,140.001;-1.8999999999999773;;;43;
7020;2010-01-05T19:00:00+01:00;100020;200;11.8;85;99950.0;;;49.725167,-1.939833;4.100000000000023;;;6;50041
7761;2010-01-05T19:00:00+01:00;99490;60;1.5;94;99380.0;;;41.918,8.792667;11.900000000000034;;;5;2a004
81405;2010-01-05T19:00:00+01:00;101040;100;6.2;73;100950.0;;;4.822333,-52.365333;29.30000000000001;;;4;97307
7168;2010-01-05T22:00:00+01:00;100370;320;2.1;85;98940.0;;;48.324667,4.02;-7.399999999999977;;;112;10030
7607;2010-01-05T22:00:00+01:00;100640;0;0.0;92;99900.0;;;43.909833,-0.500167;-0.6999999999999886;;;59;40192
7650;2010-01-05T22:00:00+01:00;100010;350;2.1;91;99620.0;;;43.437667,5.216;3.5;;;9;13054
71805;2010-01-05T22:00:00+01:00;99230;230;7.2;100;99140.0;;;46.766333,-56.179167;2.0;;;21;
7149;2010-01-06T01:00:00+01:00;100360;230;1.0;94;99220.0;;;48.716833,2.384333;-4.399999999999977;;;89;91027
61972;2010-01-06T01:00:00+01:00;100960;150;5.1;;;;;-22.344167,40.340667;26.600000000000023;;;6;
7280;2010-01-06T04:00:00+01:00;100320;180;2.1;91;97500.0;;;47.267833,5.088333;-2.6999999999999886;;;219;21473
7434;2010-01-06T04:00:00+01:00;100580;220;3.6;96;95560.0;;;45.861167,1.175;-6.199999999999989;;;402;87085
61976;2010-01-06T04:00:00+01:00;100830;;;77;;;;-15.887667,54.520667;29.0;;;7;
7020;2010-01-06T07:00:00+01:00;99630;10;6.7;95;99560.0;;16.0;49.725167,-1.939833;1.5;;;6;50041
7117;2010-01-06T07:00:00+01:00;99800;310;6.2;67;99090.0;;;48.825833,-3.473167;3.900000000000034;;;55;22168
7168;2010-01-06T07:00:00+01:00;100350;0;0.0;89;98900.0;;0.0;48.324667,4.02;-10.599999999999966;;;112;10030
7690;2010-01-06T07:00:00+01:00;99740;330;4.6;74;99400.0;;1.8;43.648833,7.209;3.5;;;2;6088
61970;2010-01-06T07:00:00+01:00;100860;170;2.1;68;;;0.0;-17.054667,42.712;31.0;;;9;
71805;2010-01-06T07:00:00+01:00;99410;210;7.2;100;99320.0;;0.8;46.766333,-56.179167;1.8000000000000114;1.5;2.2000000000000455;21;
7168;2010-01-06T10:00:00+01:00;100380;160;1.0;86;98950.0;;;48.324667,4.02;-7.0;;;112;10030
7181;2010-01-06T10:00:00+01:00;100480;260;1.0;90;96180.0;;;48.581,5.959833;-6.599999999999966;;;336;54523
7222;2010-01-07T13:00:00+01:00;101160;10;3.1;82;100830.0;;;47.15,-1.608833;1.400000000000034;;;26;44150
7335;2010-01-07T13:00:00+01:00;101010;340;3.6;83;99500.0;;;46.593833,0.314333;-1.5;;;123;86194
7222;2010-01-07T16:00:00+01:00;101180;20;5.1;63;100860.0;;;47.15,-1.608833;2.3000000000000114;;;26;44150
7650;2010-01-07T16:00:00+01:00;100460;40;3.1;50;100070.0;;;43.437667,5.216;6.600000000000023;;;9;13054
61972;2010-01-07T19:00:00+01:00;100940;160;8.2;;;;;-22.344167,40.340667;27.200000000000045;;;6;
7015;2010-01-07T22:00:00+01:00;101430;80;1.0;88;100820.0;;;50.57,3.0975;-7.099999999999966;;;47;59256
7280;2010-01-07T22:00:00+01:00;101190;360;2.6;97;98350.0;;;47.267833,5.088333;-1.8999999999999773;;;219;21473
81405;2010-01-07T22:00:00+01:00;101140;70;2.1;76;101050.0;;;4.822333,-52.365333;27.100000000000023;;;4;97307
7020;2010-01-08T01:00:00+01:00;101630;20;10.3;77;101550.0;;;49.725167,-1.939833;3.3000000000000114;;;6;50041
7207;2010-01-08T01:00:00+01:00;101660;30;2.6;81;101120.0;;;47.294333,-3.218333;-0.0999999999999659;;;34;56009
7621;2010-01-08T01:00:00+01:00;100860;30;2.6;95;96390.0;;;43.188,0.0;-0.8999999999999773;;;360;65284
7747;2010-01-08T01:00:00+01:00;100290;310;5.7;87;99750.0;;;42.737167,2.872833;3.0;;;42;66136
7434;2010-01-08T04:00:00+01:00;101070;40;5.1;91;96070.0;;;45.861167,1.175;-3.8999999999999773;;;402;87085
61998;2010-01-08T04:00:00+01:00;101030;240;2.1;78;;2350.0;;-49.352333,70.243333;6.100000000000023;;;29;
7314;2010-01-08T07:00:00+01:00;101380;10;8.7;87;101090.0;;0.0;46.046833,-1.4115;0.30000000000001137;;;11;17323
7015;2010-01-08T13:00:00+01:00;101980;60;7.2;83;101380.0;;;50.57,3.0975;-3.2999999999999545;;;47;59256
7110;2010-01-06T13:00:00+01:00;99990;350;7.7;83;98820.0;;;48.444167,-4.412;1.900000000000034;;;94;29075
7168;2010-01-06T16:00:00+01:00;100390;150;2.1;84;98980.0;;;48.324667,4.02;-4.0;;;112;10030
7222;2010-01-06T16:00:00+01:00;100000;210;4.1;84;99680.0;;;47.15,-1.608833;2.8000000000000114;;;26;44150
7630;2010-01-06T16:00:00+01:00;100500;300;4.1;70;98580.0;;;43.621,1.378833;5.7000000000000455;;;151;31069
7015;2010-01-06T19:00:00+01:00;100480;160;1.5;77;99890.0;;;50.57,3.0975;-3.1999999999999886;;;47;59256
7481;2010-01-06T19:00:00+01:00;100570;160;1.5;76;97600.0;;;45.7265,5.077833;-1.0;;;235;69299
7627;2010-01-06T22:00:00+01:00;100710;160;2.6;78;95700.0;;;43.005333,1.106833;0.20000000000004547;;;414;9289
7510;2010-01-07T01:00:00+01:00;100490;180;3.6;97;99820.0;;;44.830667,-0.691333;1.2000000000000455;;;47;33281
78925;2010-01-07T01:00:00+01:00;101520;40;2.1;80;;;0.2;14.595333,-60.995667;25.400000000000034;;;3;97213
81408;2010-01-07T01:00:00+01:00;101120;330;1.0;90;101040.0;;;3.890667,-51.804667;25.100000000000023;;;6;97308
78925;2010-01-07T04:00:00+01:00;101550;20;0.5;84;;;;14.595333,-60.995667;24.100000000000023;;;3;97213
7434;2010-01-07T07:00:00+01:00;100540;220;4.1;100;95630.0;;0.6;45.861167,1.175;-0.39999999999997726;;;402;87085
7690;2010-01-07T07:00:00+01:00;100580;320;6.2;58;100230.0;;0.0;43.648833,7.209;2.3000000000000114;;;2;6088
7015;2010-01-04T07:00:00+01:00;102110;260;0.5;91;101500.0;;0.2;50.57,3.0975;-6.599999999999966;;;47;59256
7020;2010-01-04T07:00:00+01:00;102020;120;4.6;66;101940.0;;0.0;49.725167,-1.939833;1.6000000000000227;;;6;50041
7335;2010-01-04T07:00:00+01:00;101570;40;4.6;89;100050.0;;0.0;46.593833,0.314333;-1.8999999999999773;;;123;86194
7630;2010-01-04T07:00:00+01:00;101190;170;1.5;94;99250.0;;4.0;43.621,1.378833;4.0;;;151;31069
7314;2010-01-04T10:00:00+01:00;101400;50;10.8;83;101110.0;;;46.046833,-1.4115;1.2000000000000455;;;11;17323
61980;2010-01-04T13:00:00+01:00;101100;90;3.1;82;;20.0;;-20.8925,55.528667;27.900000000000034;;;8;97418
61996;2010-01-04T13:00:00+01:00;100350;270;9.8;99;;;;-37.795167,77.569167;14.600000000000023;;;27;
71805;2010-01-04T16:00:00+01:00;98450;260;6.2;100;98360.0;;;46.766333,-56.179167;2.7000000000000455;;;21;
7207;2010-01-04T19:00:00+01:00;101360;70;9.8;50;100820.0;;;47.294333,-3.218333;0.4000000000000341;;;34;56009
7510;2010-01-04T19:00:00+01:00;100870;10;5.1;84;100200.0;;;44.830667,-0.691333;3.2000000000000455;;;47;33281
7577;2010-01-04T19:00:00+01:00;101140;10;4.1;94;100210.0;;;44.581167,4.733;0.7000000000000455;;;73;26198
7650;2010-01-04T19:00:00+01:00;100920;80;5.1;82;100530.0;;;43.437667,5.216;7.100000000000023;;;9;13054
61972;2010-01-04T19:00:00+01:00;101090;170;4.1;;;;;-22.344167,40.340667;27.700000000000045;;;6;
7240;2010-01-04T22:00:00+01:00;101370;60;4.6;81;99960.0;;;47.4445,0.727333;-4.199999999999989;;;108;37179
7577;2010-01-04T22:00:00+01:00;101120;10;5.7;90;100190.0;;;44.581167,4.733;0.30000000000001137;;;73;26198
7117;2010-01-05T01:00:00+01:00;101400;140;3.6;65;100670.0;;;48.825833,-3.473167;1.5;;;55;22168
7130;2010-01-05T01:00:00+01:00;101390;30;1.5;84;100840.0;;;48.068833,-1.734;-4.2999999999999545;;;36;35281
7149;2010-01-05T01:00:00+01:00;101440;80;1.0;90;100280.0;;;48.716833,2.384333;-5.599999999999966;;;89;91027
7190;2010-01-05T01:00:00+01:00;101370;20;4.1;78;99450.0;;;48.5495,7.640333;-3.8999999999999773;;;150;67212
7577;2010-01-05T01:00:00+01:00;100970;360;5.7;82;100040.0;;;44.581167,4.733;-0.0999999999999659;;;73;26198
7627;2010-01-05T01:00:00+01:00;100500;0;0.0;98;95600.0;;;43.005333,1.106833;5.2000000000000455;;;414;9289
78897;2010-01-05T01:00:00+01:00;101590;20;0.5;81;;200.0;0.2;16.264,-61.516333;25.400000000000034;;;11;97101
7577;2010-01-05T04:00:00+01:00;100780;10;5.7;82;99850.0;;;44.581167,4.733;-0.2999999999999545;;;73;26198
61980;2010-01-05T07:00:00+01:00;101200;70;1.0;79;;;16.0;-20.8925,55.528667;28.600000000000023;;;8;97418
67005;2010-01-05T07:00:00+01:00;101130;310;7.2;72;;;0.2;-12.8055,45.282833;29.80000000000001;;;7;97615
61996;2010-02-28T22:00:00+01:00;102110;330;6.2;92;;;;-37.795167,77.569167;17.400000000000034;;;27;
81408;2010-02-28T22:00:00+01:00;101000;30;2.1;73;100920.0;;;3.890667,-51.804667;28.700000000000045;;;6;97308
7149;2010-03-01T01:00:00+01:00;100830;250;3.1;83;99720.0;;;48.716833,2.384333;3.0;;;89;91027
7299;2010-03-01T01:00:00+01:00;100880;260;8.2;74;97600.0;;;47.614333,7.51;7.2000000000000455;;;263;68042
7607;2010-03-01T01:00:00+01:00;100870;90;2.1;86;100140.0;;;43.909833,-0.500167;3.400000000000034;;;59;40192
61972;2010-03-01T01:00:00+01:00;101240;150;4.1;;;;;-22.344167,40.340667;27.400000000000034;;;6;
7027;2010-03-01T04:00:00+01:00;100920;230;2.6;93;100090.0;;;49.18,-0.456167;1.5;;;67;14137
7255;2010-03-01T10:00:00+01:00;101240;80;4.1;86;99210.0;;;47.059167,2.359833;4.800000000000011;;;161;18033
7510;2010-03-01T10:00:00+01:00;101010;160;4.1;78;100350.0;;;44.830667,-0.691333;8.400000000000034;;;47;33281
7222;2010-03-01T16:00:00+01:00;100800;60;4.6;94;100480.0;;;47.15,-1.608833;6.800000000000011;;;26;44150
7299;2010-03-01T16:00:00+01:00;101180;280;2.6;45;97930.0;;;47.614333,7.51;11.100000000000023;;;263;68042
7630;2010-03-01T16:00:00+01:00;101440;310;6.7;45;99560.0;;;43.621,1.378833;14.600000000000023;;;151;31069
7747;2010-03-01T16:00:00+01:00;101310;310;8.7;43;100790.0;;;42.737167,2.872833;16.100000000000023;;;42;66136
7790;2010-03-01T16:00:00+01:00;101130;330;3.6;91;100990.0;;;42.540667,9.485167;12.5;;;10;2b148
7207;2010-03-01T19:00:00+01:00;101110;100;4.1;91;100580.0;;;47.294333,-3.218333;6.800000000000011;;;34;56009
7280;2010-03-01T19:00:00+01:00;101420;240;1.0;64;98680.0;;;47.267833,5.088333;8.5;;;219;21473
7335;2010-03-01T19:00:00+01:00;101280;220;6.2;87;99820.0;;;46.593833,0.314333;8.200000000000045;;;123;86194
7607;2010-03-01T19:00:00+01:00;101550;280;1.5;49;100840.0;;;43.909833,-0.500167;12.200000000000045;;;59;40192
7005;2010-03-01T22:00:00+01:00;101580;80;1.5;89;100620.0;;;50.136,1.834;3.3000000000000114;;;69;80001
7207;2010-03-01T22:00:00+01:00;101140;90;5.7;94;100610.0;;;47.294333,-3.218333;6.300000000000011;;;34;56009
7255;2010-03-01T22:00:00+01:00;101550;200;4.1;93;99520.0;;;47.059167,2.359833;6.0;;;161;18033
61976;2010-03-01T22:00:00+01:00;101430;70;7.2;83;101280.0;140.0;;-15.887667,54.520667;28.400000000000034;;;7;
81401;2010-03-01T22:00:00+01:00;101110;;;96;101060.0;;;5.4855,-54.031667;26.700000000000045;;;5;97311
7790;2010-02-27T22:00:00+01:00;100990;150;1.5;89;100840.0;;;42.540667,9.485167;9.300000000000011;;;10;2b148
61980;2010-02-27T22:00:00+01:00;101470;140;4.1;77;;;;-20.8925,55.528667;26.900000000000034;;;8;97418
61976;2010-02-28T01:00:00+01:00;101050;60;6.2;94;;;;-15.887667,54.520667;27.100000000000023;;;7;
7299;2010-02-28T04:00:00+01:00;99040;140;5.1;67;95820.0;;;47.614333,7.51;7.400000000000034;;;263;68042
89642;2010-02-28T04:00:00+01:00;97610;160;5.1;32;97070.0;;;-66.663167,140.001;-7.0;;;43;
7510;2010-02-28T07:00:00+01:00;99930;240;10.3;82;99280.0;;2.8;44.830667,-0.691333;9.700000000000045;;;47;33281
7207;2010-02-28T10:00:00+01:00;99710;290;9.8;80;99190.0;;;47.294333,-3.218333;8.700000000000045;;;34;56009
7790;2010-02-28T10:00:00+01:00;100300;230;2.1;73;100160.0;;;42.540667,9.485167;15.800000000000011;;;10;2b148
7130;2010-02-28T13:00:00+01:00;99870;280;8.7;72;99350.0;;;48.068833,-1.734;9.100000000000023;;;36;35281
7240;2010-02-28T16:00:00+01:00;100130;250;10.8;48;98810.0;;;47.4445,0.727333;10.600000000000023;;;108;37179
7643;2010-02-28T16:00:00+01:00;100620;300;7.2;38;100530.0;;;43.577,3.963167;17.900000000000034;;;2;34154
7434;2010-02-28T19:00:00+01:00;100850;260;2.6;79;96040.0;;;45.861167,1.175;6.100000000000023;;;402;87085
7471;2010-02-28T19:00:00+01:00;;270;5.7;65;91130.0;;;45.0745,3.764;5.2000000000000455;;;833;43062
61970;2010-02-28T19:00:00+01:00;101180;100;1.0;90;;;;-17.054667,42.712;27.0;;;9;
7222;2010-02-23T16:00:00+01:00;99490;230;8.7;70;99180.0;;;47.15,-1.608833;12.800000000000011;;;26;44150
7661;2010-02-23T16:00:00+01:00;100090;140;6.2;87;98480.0;;;43.079333,5.940833;11.700000000000045;;;115;83153
7190;2010-02-23T22:00:00+01:00;99940;190;4.6;85;98140.0;;;48.5495,7.640333;8.600000000000023;;;150;67212
7621;2010-02-23T22:00:00+01:00;100170;80;1.0;74;95880.0;;;43.188,0.0;8.5;;;360;65284
7577;2010-02-24T01:00:00+01:00;100390;150;0.5;96;99490.0;;;44.581167,4.733;5.400000000000034;;;73;26198
7314;2010-02-24T04:00:00+01:00;99750;160;6.7;88;99470.0;;;46.046833,-1.4115;9.100000000000023;;;11;17323
7481;2010-02-24T04:00:00+01:00;100210;160;3.1;84;97350.0;;;45.7265,5.077833;7.600000000000023;;;235;69299
61997;2010-02-24T04:00:00+01:00;100810;240;17.0;92;;;;-46.4325,51.856667;7.800000000000011;;;146;
7027;2010-02-24T07:00:00+01:00;99320;170;3.6;91;98520.0;;5.2;49.18,-0.456167;7.5;;;67;14137
7207;2010-02-24T07:00:00+01:00;99340;220;10.8;83;98830.0;;;47.294333,-3.218333;9.800000000000011;;;34;56009
7510;2010-02-24T07:00:00+01:00;100130;240;6.7;79;99480.0;;0.2;44.830667,-0.691333;10.700000000000045;;;47;33281
7630;2010-02-24T10:00:00+01:00;100600;300;7.2;61;98730.0;;;43.621,1.378833;12.5;;;151;31069
61970;2010-02-24T10:00:00+01:00;101200;80;3.1;70;;;;-17.054667,42.712;31.5;;;9;
61997;2010-02-24T10:00:00+01:00;100990;220;20.1;81;;;;-46.4325,51.856667;7.300000000000011;;;146;
81415;2010-02-24T10:00:00+01:00;101080;;;100;99870.0;;;3.640167,-54.028333;23.900000000000034;;;106;97353
61972;2010-02-24T13:00:00+01:00;101060;170;5.1;;;;;-22.344167,40.340667;31.600000000000023;;;6;
7027;2010-02-24T16:00:00+01:00;98870;170;10.8;87;98080.0;;;49.18,-0.456167;9.400000000000034;;;67;14137
7181;2010-02-24T16:00:00+01:00;100020;200;5.7;77;96000.0;;;48.581,5.959833;10.400000000000034;;;336;54523
67005;2010-02-24T16:00:00+01:00;100940;130;4.1;75;;;;-12.8055,45.282833;29.5;;;7;97615
71805;2010-02-24T16:00:00+01:00;102890;20;6.2;95;102800.0;;;46.766333,-56.179167;-0.8999999999999773;;;21;
7222;2010-02-24T22:00:00+01:00;99900;230;5.7;89;99590.0;;;47.15,-1.608833;9.700000000000045;;;26;44150
61968;2010-02-24T22:00:00+01:00;101040;70;2.1;98;;;;-11.582667,47.289667;26.80000000000001;;;3;
7650;2010-02-25T01:00:00+01:00;100940;0;0.0;92;100550.0;;;43.437667,5.216;9.5;;;9;13054
81405;2010-02-25T01:00:00+01:00;101140;120;1.5;89;101050.0;;;4.822333,-52.365333;26.700000000000045;;;4;97307
61997;2010-02-25T04:00:00+01:00;102240;210;7.2;83;;1380.0;;-46.4325,51.856667;4.800000000000011;;;146;
61970;2010-02-25T07:00:00+01:00;101150;240;1.0;76;;;;-17.054667,42.712;29.700000000000045;;;9;
78897;2010-02-25T07:00:00+01:00;101190;220;0.5;91;;120.0;0.0;16.264,-61.516333;22.200000000000045;22.200000000000045;31.5;11;97101
7139;2010-02-25T10:00:00+01:00;99460;160;4.1;96;97740.0;;;48.4455,0.110167;7.100000000000023;;;143;61077
7335;2010-02-25T10:00:00+01:00;99620;170;5.1;96;98190.0;;;46.593833,0.314333;8.5;;;123;86194
7471;2010-02-25T10:00:00+01:00;;150;6.2;80;90740.0;;;45.0745,3.764;6.2000000000000455;;;833;43062
7130;2010-02-25T13:00:00+01:00;98700;200;9.8;84;98200.0;;;48.068833,-1.734;13.0;;;36;35281
78925;2010-02-25T13:00:00+01:00;101350;30;1.5;83;;20.0;0.0;14.595333,-60.995667;25.80000000000001;;32.5;3;97213
81408;2010-02-25T13:00:00+01:00;101230;40;1.0;95;101150.0;;1.0;3.890667,-51.804667;26.30000000000001;;;6;97308
7015;2010-02-25T16:00:00+01:00;99000;160;5.7;87;98440.0;;;50.57,3.0975;8.800000000000011;;;47;59256
7790;2010-02-25T16:00:00+01:00;100710;30;1.5;69;100570.0;;;42.540667,9.485167;15.400000000000034;;;10;2b148
7117;2010-02-25T19:00:00+01:00;98120;230;6.2;79;97440.0;;;48.825833,-3.473167;10.700000000000045;;;55;22168
7434;2010-02-25T19:00:00+01:00;99440;230;4.6;93;94760.0;;;45.861167,1.175;9.600000000000023;;;402;87085
7790;2010-02-25T22:00:00+01:00;100580;250;0.5;94;100430.0;;;42.540667,9.485167;8.0;;;10;2b148
61972;2010-02-26T01:00:00+01:00;100940;160;2.1;;;;;-22.344167,40.340667;26.400000000000034;;;6;
67005;2010-02-26T04:00:00+01:00;101050;0;0.0;96;;100.0;;-12.8055,45.282833;26.200000000000045;;;7;97615
67005;2010-02-26T07:00:00+01:00;101270;160;3.1;78;;;0.0;-12.8055,45.282833;30.600000000000023;;;7;97615
78897;2010-02-26T07:00:00+01:00;101160;0;0.0;94;;;0.0;16.264,-61.516333;23.30000000000001;21.100000000000023;32.10000000000002;11;97101
7020;2010-02-26T10:00:00+01:00;99430;280;13.9;75;99360.0;;;49.725167,-1.939833;7.600000000000023;;;6;50041
7535;2010-02-26T10:00:00+01:00;100820;230;3.1;83;97690.0;;;44.745,1.396667;7.600000000000023;;;260;46127
7027;2010-02-26T13:00:00+01:00;99910;270;12.3;64;99110.0;;;49.18,-0.456167;8.700000000000045;;;67;14137
7690;2010-02-26T13:00:00+01:00;100160;280;11.8;28;99830.0;;;43.648833,7.209;17.200000000000045;;;2;6088
71805;2010-02-26T19:00:00+01:00;102530;100;10.8;91;102440.0;;;46.766333,-56.179167;-0.8999999999999773;-2.2999999999999545;;21;
7577;2010-02-26T22:00:00+01:00;101150;330;2.1;61;100250.0;;;44.581167,4.733;7.2000000000000455;;;73;26198
81408;2010-02-26T22:00:00+01:00;100790;40;2.1;74;100710.0;;;3.890667,-51.804667;29.200000000000045;;;6;97308
7481;2010-02-27T01:00:00+01:00;101310;160;2.6;74;98390.0;;;45.7265,5.077833;5.400000000000034;;;235;69299
61997;2010-02-27T04:00:00+01:00;99670;310;15.9;97;;;;-46.4325,51.856667;13.5;;;146;
7037;2010-02-27T07:00:00+01:00;100200;170;5.1;99;98360.0;;2.0;49.383,1.181667;4.7000000000000455;;;151;76116
7661;2010-02-27T07:00:00+01:00;101180;30;1.0;50;99530.0;;0.2;43.079333,5.940833;8.700000000000045;;;115;83153
7130;2010-02-27T10:00:00+01:00;99850;180;7.2;78;99330.0;;;48.068833,-1.734;9.100000000000023;;;36;35281
7139;2010-02-27T10:00:00+01:00;100100;160;3.1;86;98360.0;;;48.4455,0.110167;6.0;;;143;61077
78897;2010-02-27T10:00:00+01:00;101230;0;0.0;96;;70.0;;16.264,-61.516333;22.30000000000001;;;11;97101
7015;2010-02-27T16:00:00+01:00;99610;200;7.7;52;99050.0;;;50.57,3.0975;11.900000000000034;;;47;59256
7460;2010-02-27T19:00:00+01:00;99370;170;8.2;72;95570.0;;;45.786833,3.149333;10.200000000000045;;;331;63113
67005;2010-02-27T19:00:00+01:00;101210;140;2.1;84;;;;-12.8055,45.282833;28.200000000000045;;;7;97615
61980;2010-02-22T13:00:00+01:00;101050;80;3.1;70;;30.0;;-20.8925,55.528667;29.600000000000023;;;8;97418
7005;2010-02-22T16:00:00+01:00;98220;210;9.3;93;97320.0;;;50.136,1.834;9.900000000000034;;;69;80001
7110;2010-02-22T16:00:00+01:00;98580;20;3.1;91;97450.0;;;48.444167,-4.412;8.0;;;94;29075
7434;2010-02-22T16:00:00+01:00;99330;220;9.8;90;94640.0;;;45.861167,1.175;9.0;;;402;87085
7607;2010-02-22T19:00:00+01:00;99400;190;1.5;59;98710.0;;;43.909833,-0.500167;14.0;;;59;40192
7130;2010-02-23T01:00:00+01:00;98810;210;2.6;94;98300.0;;;48.068833,-1.734;9.400000000000034;;;36;35281
7747;2010-02-23T01:00:00+01:00;99920;270;1.5;93;99380.0;;;42.737167,2.872833;4.600000000000023;;;42;66136
78897;2010-02-23T01:00:00+01:00;101300;120;2.6;75;;;0.0;16.264,-61.516333;24.5;;;11;97101
81415;2010-02-23T01:00:00+01:00;101150;;;100;99940.0;;;3.640167,-54.028333;24.0;;;106;97353
7240;2010-02-23T04:00:00+01:00;99110;200;5.7;92;97800.0;;;47.4445,0.727333;9.200000000000045;;;108;37179
61976;2010-02-23T07:00:00+01:00;101220;170;5.1;71;101070.0;;0.0;-15.887667,54.520667;30.700000000000045;;;7;
61998;2010-02-23T07:00:00+01:00;100870;240;9.8;82;;;0.4;-49.352333,70.243333;3.8000000000000114;;;29;
78925;2010-02-23T07:00:00+01:00;101210;0;0.0;85;;;0.0;14.595333,-60.995667;23.900000000000034;19.900000000000034;30.200000000000045;3;97213
7207;2010-02-23T10:00:00+01:00;99170;220;8.2;89;98660.0;;;47.294333,-3.218333;10.200000000000045;;;34;56009
7607;2010-02-23T10:00:00+01:00;99940;200;1.0;58;99240.0;;;43.909833,-0.500167;13.100000000000023;;;59;40192
7139;2010-02-23T13:00:00+01:00;99280;230;6.2;80;97590.0;;;48.4455,0.110167;12.100000000000023;;;143;61077
81415;2010-02-17T04:00:00+01:00;101210;;;97;100000.0;;;3.640167,-54.028333;24.700000000000045;;;106;97353
7020;2010-02-17T07:00:00+01:00;98920;180;5.1;84;98850.0;;0.2;49.725167,-1.939833;1.8000000000000114;;;6;50041
7471;2010-02-17T07:00:00+01:00;;170;5.1;79;89540.0;;0.0;45.0745,3.764;3.8000000000000114;;;833;43062
7510;2010-02-17T10:00:00+01:00;98960;0;0.0;97;98310.0;;;44.830667,-0.691333;6.0;;;47;33281
7747;2010-02-17T10:00:00+01:00;98880;360;2.1;89;98360.0;;;42.737167,2.872833;9.0;;;42;66136
89642;2010-02-17T10:00:00+01:00;99210;150;11.8;56;98670.0;;;-66.663167,140.001;-4.099999999999966;;;43;
7130;2010-02-17T13:00:00+01:00;99000;130;1.5;66;98480.0;;;48.068833,-1.734;6.5;;;36;35281
7240;2010-02-17T13:00:00+01:00;98980;50;1.0;95;97640.0;;;47.4445,0.727333;2.8000000000000114;;;108;37179
7690;2010-02-17T13:00:00+01:00;99810;10;2.6;92;99470.0;;;43.648833,7.209;7.600000000000023;;;2;6088
61968;2010-02-17T16:00:00+01:00;101080;80;3.1;81;;80.0;;-11.582667,47.289667;28.5;;;3;
81408;2010-02-17T16:00:00+01:00;101160;50;3.1;73;101080.0;;;3.890667,-51.804667;29.600000000000023;;;6;97308
81415;2010-02-17T16:00:00+01:00;101230;;;84;100040.0;;;3.640167,-54.028333;27.80000000000001;;;106;97353
7015;2010-02-17T19:00:00+01:00;99100;70;1.5;88;98530.0;;;50.57,3.0975;2.0;;;47;59256
7020;2010-02-17T19:00:00+01:00;99000;140;2.1;79;98930.0;;;49.725167,-1.939833;2.2000000000000455;;;6;50041
61970;2010-02-17T19:00:00+01:00;101280;0;0.0;82;;150.0;;-17.054667,42.712;26.700000000000045;;;9;
61998;2010-02-17T19:00:00+01:00;100510;310;11.8;83;;;;-49.352333,70.243333;11.200000000000045;;;29;
7027;2010-02-17T22:00:00+01:00;99220;190;2.6;91;98390.0;;;49.18,-0.456167;-0.19999999999998863;;;67;14137
7222;2010-02-17T22:00:00+01:00;99320;180;2.6;87;99000.0;;;47.15,-1.608833;1.8000000000000114;;;26;44150
7650;2010-02-17T22:00:00+01:00;99510;80;3.1;83;99130.0;;;43.437667,5.216;10.200000000000045;;;9;13054
78922;2010-02-17T22:00:00+01:00;101110;110;5.7;71;100810.0;;;14.7745,-60.875333;27.200000000000045;;;26;97230
7510;2010-02-18T01:00:00+01:00;99810;180;2.6;97;99150.0;;;44.830667,-0.691333;4.900000000000034;;;47;33281
78925;2010-02-18T04:00:00+01:00;101420;90;3.1;82;;10.0;;14.595333,-60.995667;25.100000000000023;;;3;97213
7020;2010-02-19T10:00:00+01:00;99690;300;5.7;65;99620.0;;;49.725167,-1.939833;5.600000000000023;;;6;50041
7558;2010-02-19T10:00:00+01:00;99390;340;9.8;92;91080.0;;;44.1185,3.0195;3.7000000000000455;;;712;12145
78897;2010-02-19T10:00:00+01:00;101460;0;0.0;96;;150.0;;16.264,-61.516333;20.30000000000001;;;11;97101
7181;2010-02-19T13:00:00+01:00;99490;290;4.6;76;95410.0;;;48.581,5.959833;4.600000000000023;;;336;54523
7460;2010-02-19T13:00:00+01:00;99760;310;5.7;63;95890.0;;;45.786833,3.149333;6.300000000000011;;;331;63113
7207;2010-02-19T16:00:00+01:00;100090;280;6.7;51;99570.0;;;47.294333,-3.218333;9.700000000000045;;;34;56009
7460;2010-02-19T16:00:00+01:00;99930;320;3.6;53;96040.0;;;45.786833,3.149333;5.7000000000000455;;;331;63113
7761;2010-02-19T16:00:00+01:00;99050;220;10.3;88;98940.0;;;41.918,8.792667;12.5;;;5;2a004
61972;2010-02-19T16:00:00+01:00;101160;200;4.1;;;;;-22.344167,40.340667;29.700000000000045;;;6;
7577;2010-02-19T19:00:00+01:00;99800;20;4.1;79;98900.0;;;44.581167,4.733;6.0;;;73;26198
67005;2010-02-19T19:00:00+01:00;101240;150;2.1;87;;;;-12.8055,45.282833;26.700000000000045;;;7;97615
81401;2010-02-19T22:00:00+01:00;101100;;;85;101050.0;;;5.4855,-54.031667;27.200000000000045;;;5;97311
81415;2010-02-19T22:00:00+01:00;101100;;;96;99900.0;;;3.640167,-54.028333;25.400000000000034;;;106;97353
7222;2010-02-20T01:00:00+01:00;100170;180;3.1;94;99850.0;;;47.15,-1.608833;1.400000000000034;;;26;44150
7130;2010-02-20T04:00:00+01:00;100070;280;1.0;95;99540.0;;;48.068833,-1.734;1.6000000000000227;;;36;35281
7280;2010-02-20T04:00:00+01:00;100290;0;0.0;93;97470.0;;;47.267833,5.088333;-3.0;;;219;21473
61970;2010-02-20T04:00:00+01:00;101140;90;2.1;91;;;;-17.054667,42.712;26.5;;;9;
61980;2010-02-20T04:00:00+01:00;101260;110;3.1;79;;;;-20.8925,55.528667;25.700000000000045;;;8;97418
7335;2010-02-20T07:00:00+01:00;100180;210;4.1;95;98700.0;;0.0;46.593833,0.314333;1.5;;;123;86194
7280;2010-02-20T10:00:00+01:00;100310;210;2.6;87;97530.0;;;47.267833,5.088333;1.7000000000000455;;;219;21473
7015;2010-02-15T04:00:00+01:00;101020;90;1.5;94;100420.0;;;50.57,3.0975;-2.3999999999999773;;;47;59256
7110;2010-02-15T07:00:00+01:00;101050;240;2.1;95;99860.0;;0.0;48.444167,-4.412;-0.39999999999997726;;;94;29075
7607;2010-02-15T07:00:00+01:00;100890;70;1.5;84;100140.0;;0.0;43.909833,-0.500167;-4.2999999999999545;;;59;40192
61980;2010-02-15T07:00:00+01:00;101260;100;7.2;65;;;0.0;-20.8925,55.528667;30.200000000000045;;;8;97418
7110;2010-02-15T10:00:00+01:00;100930;210;1.0;96;99750.0;;;48.444167,-4.412;2.3000000000000114;;;94;29075
7149;2010-02-15T10:00:00+01:00;101010;270;3.1;88;99880.0;;;48.716833,2.384333;-0.7999999999999545;;;89;91027
61976;2010-02-15T10:00:00+01:00;100930;120;8.2;65;;;;-15.887667,54.520667;32.30000000000001;;;7;
61980;2010-02-15T13:00:00+01:00;101050;80;7.7;72;;;;-20.8925,55.528667;30.200000000000045;;;8;97418
7110;2010-02-15T16:00:00+01:00;100620;350;5.1;80;99460.0;;;48.444167,-4.412;6.300000000000011;;;94;29075
7181;2010-02-15T16:00:00+01:00;100810;250;1.5;69;96590.0;;;48.581,5.959833;-0.8999999999999773;;;336;54523
7661;2010-02-15T16:00:00+01:00;100490;260;4.1;58;98850.0;;;43.079333,5.940833;7.900000000000034;;;115;83153
7460;2010-02-15T19:00:00+01:00;100750;340;1.0;75;96680.0;;;45.786833,3.149333;-4.599999999999966;;;331;63113
61980;2010-02-15T19:00:00+01:00;101250;110;5.7;83;;;;-20.8925,55.528667;26.700000000000045;;;8;97418
67005;2010-02-15T19:00:00+01:00;101030;0;0.0;97;;;;-12.8055,45.282833;26.600000000000023;;;7;97615
7643;2010-02-15T22:00:00+01:00;100500;50;2.1;70;100400.0;;;43.577,3.963167;2.400000000000034;;;2;34154
61970;2010-02-15T22:00:00+01:00;101090;0;0.0;91;;;;-17.054667,42.712;27.200000000000045;;;9;
81401;2010-02-15T22:00:00+01:00;101020;;;68;100970.0;;;5.4855,-54.031667;28.5;;;5;97311
81405;2010-02-15T22:00:00+01:00;101040;50;4.6;73;100950.0;;;4.822333,-52.365333;28.100000000000023;;;4;97307
89642;2010-02-15T22:00:00+01:00;98280;160;24.2;55;97740.0;;;-66.663167,140.001;-5.5;;;43;
7630;2010-02-16T01:00:00+01:00;100300;110;1.5;72;98360.0;;;43.621,1.378833;1.5;;;151;31069
61970;2010-02-18T07:00:00+01:00;101370;360;2.1;79;;;2.0;-17.054667,42.712;29.600000000000023;;;9;
81408;2010-02-18T07:00:00+01:00;100970;190;1.0;94;100890.0;;;3.890667,-51.804667;25.100000000000023;;;6;97308
67005;2010-02-18T13:00:00+01:00;101130;20;3.1;70;;;;-12.8055,45.282833;29.600000000000023;;;7;97615
61968;2010-02-18T16:00:00+01:00;101180;30;2.1;82;;100.0;;-11.582667,47.289667;28.600000000000023;;;3;
61997;2010-02-18T16:00:00+01:00;100980;30;1.0;97;;30.0;;-46.4325,51.856667;5.5;;;146;
7222;2010-02-18T19:00:00+01:00;99520;220;6.2;89;99210.0;;;47.15,-1.608833;6.900000000000034;;;26;44150
61996;2010-02-18T19:00:00+01:00;102750;230;2.1;79;;200.0;;-37.795167,77.569167;15.100000000000023;;;27;
78925;2010-02-18T19:00:00+01:00;101330;110;5.1;56;;100.0;;14.595333,-60.995667;30.600000000000023;22.30000000000001;;3;97213
81415;2010-02-18T19:00:00+01:00;100960;;;93;99760.0;;;3.640167,-54.028333;25.80000000000001;;;106;97353
7280;2010-02-18T22:00:00+01:00;99980;350;1.5;90;97230.0;;;47.267833,5.088333;3.5;;;219;21473
67005;2010-02-18T22:00:00+01:00;101290;20;2.1;84;;;;-12.8055,45.282833;27.700000000000045;;;7;97615
7005;2010-02-19T01:00:00+01:00;99160;180;4.1;89;98230.0;;;50.136,1.834;5.0;;;69;80001
7335;2010-02-19T01:00:00+01:00;99750;200;3.6;95;98290.0;;;46.593833,0.314333;3.1000000000000227;;;123;86194
7558;2010-02-19T01:00:00+01:00;99770;100;2.1;90;91460.0;;;44.1185,3.0195;4.800000000000011;;;712;12145
7591;2010-02-19T01:00:00+01:00;;10;6.2;73;89920.0;;;44.565667,6.502333;4.800000000000011;;;871;5046
7643;2010-02-19T01:00:00+01:00;99660;50;3.1;98;99560.0;;;43.577,3.963167;9.600000000000023;;;2;34154
7015;2010-02-19T04:00:00+01:00;99080;220;6.2;88;98510.0;;;50.57,3.0975;4.400000000000034;;;47;59256
7207;2010-02-19T04:00:00+01:00;99770;330;6.2;81;99250.0;;;47.294333,-3.218333;5.300000000000011;;;34;56009
7630;2010-02-19T04:00:00+01:00;99460;330;1.5;91;97570.0;;;43.621,1.378833;7.2000000000000455;;;151;31069
7535;2010-02-20T10:00:00+01:00;100590;220;2.1;93;97420.0;;;44.745,1.396667;3.5;;;260;46127
61976;2010-02-20T10:00:00+01:00;101040;160;6.2;68;;;;-15.887667,54.520667;31.700000000000045;;;7;
7020;2010-02-20T13:00:00+01:00;;280;3.1;87;;;;49.725167,-1.939833;4.600000000000023;;;6;50041
7627;2010-02-20T13:00:00+01:00;100780;330;4.1;67;95890.0;;;43.005333,1.106833;6.800000000000011;;;414;9289
7650;2010-02-20T13:00:00+01:00;100400;290;8.2;49;100010.0;;;43.437667,5.216;9.800000000000011;;;9;13054
7299;2010-02-20T16:00:00+01:00;100130;200;3.6;51;96860.0;;;47.614333,7.51;6.400000000000034;;;263;68042
78925;2010-02-20T16:00:00+01:00;101630;80;7.2;57;;;;14.595333,-60.995667;29.5;;;3;97213
7015;2010-02-20T19:00:00+01:00;99960;180;1.0;84;99380.0;;;50.57,3.0975;2.1000000000000227;;;47;59256
71805;2010-02-20T19:00:00+01:00;98540;120;7.7;100;98450.0;;;46.766333,-56.179167;0.4000000000000341;-0.39999999999997726;;21;
7117;2010-02-20T22:00:00+01:00;100040;240;3.1;94;99330.0;;;48.825833,-3.473167;2.8000000000000114;;;55;22168
7591;2010-02-20T22:00:00+01:00;;350;1.0;69;90460.0;;;44.565667,6.502333;-2.0;;;871;5046
81408;2010-02-20T22:00:00+01:00;101050;350;2.1;82;100970.0;;;3.890667,-51.804667;27.200000000000045;;;6;97308
7037;2010-02-21T01:00:00+01:00;100130;200;2.6;100;98260.0;;;49.383,1.181667;1.0;;;151;76116
7015;2010-02-21T04:00:00+01:00;99970;190;0.5;99;99390.0;;;50.57,3.0975;0.7000000000000455;;;47;59256
7110;2010-02-21T04:00:00+01:00;99710;180;3.1;96;98560.0;;;48.444167,-4.412;4.5;;;94;29075
78897;2010-02-21T04:00:00+01:00;101650;30;0.5;83;;10.0;;16.264,-61.516333;23.30000000000001;;;11;97101
7149;2010-02-21T07:00:00+01:00;100100;200;3.6;97;98990.0;;2.2;48.716833,2.384333;1.5;;;89;91027
7117;2010-02-21T10:00:00+01:00;99410;190;3.6;86;98710.0;;;48.825833,-3.473167;6.2000000000000455;;;55;22168
7434;2010-02-10T22:00:00+01:00;100980;360;6.2;93;96000.0;;;45.861167,1.175;-2.8999999999999773;;;402;87085
7690;2010-02-10T22:00:00+01:00;99170;330;3.6;74;98830.0;;;43.648833,7.209;6.100000000000023;;;2;6088
7661;2010-02-11T01:00:00+01:00;99340;330;16.5;55;97670.0;;;43.079333,5.940833;-0.39999999999997726;;;115;83153
61996;2010-02-11T01:00:00+01:00;101100;;;94;;50.0;;-37.795167,77.569167;18.900000000000034;;;27;
7005;2010-02-11T04:00:00+01:00;101450;30;6.2;77;100470.0;;;50.136,1.834;-3.0;;;69;80001
7621;2010-02-11T04:00:00+01:00;101030;290;6.2;90;96530.0;;;43.188,0.0;-1.8999999999999773;;;360;65284
81405;2010-02-11T04:00:00+01:00;101050;0;0.0;95;100960.0;;;4.822333,-52.365333;23.200000000000045;;;4;97307
7168;2010-02-11T07:00:00+01:00;100990;10;3.6;79;99550.0;;0.0;48.324667,4.02;-7.599999999999966;;;112;10030
7761;2010-02-11T07:00:00+01:00;99310;280;3.6;70;99200.0;;0.2;41.918,8.792667;5.800000000000011;;;5;2a004
67005;2010-02-11T07:00:00+01:00;101230;150;5.1;77;;;8.0;-12.8055,45.282833;29.400000000000034;;;7;97615
61980;2010-02-11T10:00:00+01:00;101260;100;9.8;67;;;;-20.8925,55.528667;30.400000000000034;;;8;97418
61997;2010-02-11T13:00:00+01:00;100380;340;13.9;100;;;;-46.4325,51.856667;11.800000000000011;;;146;
7558;2010-02-11T19:00:00+01:00;100610;330;12.3;89;91810.0;;;44.1185,3.0195;-8.599999999999966;;;712;12145
61976;2010-02-11T19:00:00+01:00;101230;120;1.0;81;;50.0;;-15.887667,54.520667;27.600000000000023;;;7;
81408;2010-02-11T19:00:00+01:00;100800;20;4.1;68;100720.0;;;3.890667,-51.804667;29.100000000000023;;;6;97308
7168;2010-02-11T22:00:00+01:00;101230;360;7.7;89;99810.0;;;48.324667,4.02;-2.8999999999999773;;;112;10030
7481;2010-02-14T01:00:00+01:00;101500;350;2.6;81;98490.0;;;45.7265,5.077833;-2.0;;;235;69299
7761;2010-02-14T01:00:00+01:00;100910;40;2.6;87;100800.0;;;41.918,8.792667;2.5;;;5;2a004
89642;2010-02-14T01:00:00+01:00;100050;150;4.1;38;99500.0;;;-66.663167,140.001;-5.899999999999977;;;43;
7117;2010-02-14T04:00:00+01:00;101800;50;10.8;73;101080.0;;;48.825833,-3.473167;5.100000000000023;;;55;22168
81408;2010-02-14T04:00:00+01:00;101150;0;0.0;96;101070.0;;;3.890667,-51.804667;22.900000000000034;;;6;97308
7577;2010-02-14T07:00:00+01:00;101210;340;6.7;57;100280.0;;0.0;44.581167,4.733;-0.0999999999999659;;;73;26198
81401;2010-02-14T07:00:00+01:00;101070;;;98;101020.0;;;5.4855,-54.031667;22.5;;;5;97311
7434;2010-02-14T10:00:00+01:00;101620;50;3.6;88;96570.0;;;45.861167,1.175;-4.699999999999989;;;402;87085
7027;2010-02-14T16:00:00+01:00;101600;270;3.1;67;100760.0;;;49.18,-0.456167;2.2000000000000455;;;67;14137
7240;2010-02-14T16:00:00+01:00;101580;60;3.1;68;100180.0;;;47.4445,0.727333;-1.1999999999999886;;;108;37179
7335;2010-02-14T19:00:00+01:00;101550;10;3.1;73;100030.0;;;46.593833,0.314333;-2.0;;;123;86194
7661;2010-02-14T19:00:00+01:00;100690;260;3.1;80;99030.0;;;43.079333,5.940833;5.600000000000023;;;115;83153
7630;2010-02-14T22:00:00+01:00;101320;280;2.1;59;99340.0;;;43.621,1.378833;-0.0999999999999659;;;151;31069
7027;2010-02-15T01:00:00+01:00;101310;280;3.1;88;100470.0;;;49.18,-0.456167;0.7000000000000455;;;67;14137
7149;2010-02-15T01:00:00+01:00;101300;250;2.1;80;100170.0;;;48.716833,2.384333;-0.5;;;89;91027
78925;2010-01-18T10:00:00+01:00;101610;70;4.6;82;;10.0;;14.595333,-60.995667;25.200000000000045;;;3;97213
7460;2010-01-18T13:00:00+01:00;102640;70;1.0;74;98680.0;;;45.786833,3.149333;7.5;;;331;63113
7471;2010-01-18T13:00:00+01:00;;60;2.6;85;92710.0;;;45.0745,3.764;2.5;;;833;43062
7577;2010-01-18T13:00:00+01:00;102400;10;7.2;67;101490.0;;;44.581167,4.733;9.600000000000023;;;73;26198
7591;2010-01-18T16:00:00+01:00;;150;1.0;41;91960.0;;;44.565667,6.502333;5.100000000000023;;;871;5046
7005;2010-01-18T19:00:00+01:00;102670;220;2.1;96;101710.0;;;50.136,1.834;6.600000000000023;;;69;80001
7607;2010-01-18T19:00:00+01:00;102180;90;1.5;86;101440.0;;;43.909833,-0.500167;4.100000000000023;;;59;40192
61968;2010-01-18T22:00:00+01:00;101410;0;0.0;98;;;;-11.582667,47.289667;25.0;;;3;
61997;2010-01-18T22:00:00+01:00;101070;340;1.0;96;;730.0;;-46.4325,51.856667;8.300000000000011;;;146;
7222;2010-01-19T04:00:00+01:00;102110;80;4.6;90;101780.0;;;47.15,-1.608833;4.100000000000023;;;26;44150
61968;2010-01-19T07:00:00+01:00;101410;190;1.0;76;;;;-11.582667,47.289667;29.400000000000034;;;3;
7005;2010-01-19T10:00:00+01:00;102380;130;4.1;98;101410.0;;;50.136,1.834;3.0;;;69;80001
71805;2010-01-22T13:00:00+01:00;100240;290;8.2;99;100150.0;;;46.766333,-56.179167;-2.6999999999999886;;;21;
7207;2010-01-22T16:00:00+01:00;101740;320;4.6;96;101220.0;;;47.294333,-3.218333;10.100000000000023;;;34;56009
7607;2010-01-22T16:00:00+01:00;101910;120;2.1;59;101200.0;;;43.909833,-0.500167;13.0;;;59;40192
7630;2010-01-22T16:00:00+01:00;101940;30;2.1;48;100040.0;;;43.621,1.378833;11.600000000000023;;;151;31069
71805;2010-01-22T19:00:00+01:00;100250;300;10.3;79;100160.0;;;46.766333,-56.179167;-3.3999999999999773;-3.5;;21;
7591;2010-01-22T22:00:00+01:00;;50;2.1;66;91940.0;;;44.565667,6.502333;-3.7999999999999545;;;871;5046
7627;2010-01-22T22:00:00+01:00;102110;180;2.6;71;97100.0;;;43.005333,1.106833;3.8000000000000114;;;414;9289
78922;2010-01-22T22:00:00+01:00;101220;120;6.2;73;100920.0;;;14.7745,-60.875333;27.0;;;26;97230
7005;2010-01-23T01:00:00+01:00;102110;140;6.2;90;101150.0;;;50.136,1.834;5.0;;;69;80001
61996;2010-01-23T01:00:00+01:00;102310;110;1.0;98;;60.0;;-37.795167,77.569167;14.300000000000011;;;27;
7117;2010-01-23T04:00:00+01:00;102010;30;3.6;89;101300.0;;;48.825833,-3.473167;8.200000000000045;;;55;22168
7481;2010-01-23T04:00:00+01:00;102350;110;1.5;95;99330.0;;;45.7265,5.077833;-1.2999999999999545;;;235;69299
7280;2010-01-23T07:00:00+01:00;102370;140;2.1;100;99510.0;;0.0;47.267833,5.088333;-0.7999999999999545;;;219;21473
71805;2010-01-23T07:00:00+01:00;100750;310;7.2;73;100660.0;;0.4;46.766333,-56.179167;-7.7999999999999545;-7.7999999999999545;-3.3999999999999773;21;
7005;2010-01-23T10:00:00+01:00;102050;140;5.7;97;101090.0;;;50.136,1.834;3.7000000000000455;;;69;80001
7434;2010-01-23T10:00:00+01:00;102020;70;1.5;74;97100.0;;;45.861167,1.175;3.1000000000000227;;;402;87085
78925;2010-01-23T10:00:00+01:00;101330;100;1.5;95;;;;14.595333,-60.995667;20.400000000000034;;;3;97213
7240;2010-01-23T13:00:00+01:00;101960;70;1.5;82;100590.0;;;47.4445,0.727333;5.0;;;108;37179
7661;2010-01-23T13:00:00+01:00;102290;140;4.1;76;100630.0;;;43.079333,5.940833;9.400000000000034;;;115;83153
7207;2010-01-23T16:00:00+01:00;101940;50;3.1;90;101410.0;;;47.294333,-3.218333;8.600000000000023;;;34;56009
7481;2010-01-30T01:00:00+01:00;99430;300;5.7;87;96550.0;;;45.7265,5.077833;4.0;;;235;69299
7790;2010-01-30T01:00:00+01:00;99250;230;4.1;74;99110.0;;;42.540667,9.485167;7.400000000000034;;;10;2b148
81405;2010-01-30T01:00:00+01:00;101090;40;2.6;94;101000.0;;;4.822333,-52.365333;24.400000000000034;;;4;97307
7117;2010-01-30T04:00:00+01:00;100090;320;4.1;85;99380.0;;;48.825833,-3.473167;5.0;;;55;22168
7690;2010-01-30T04:00:00+01:00;98900;320;2.1;65;98560.0;;;43.648833,7.209;4.7000000000000455;;;2;6088
7027;2010-01-30T07:00:00+01:00;99900;300;5.1;91;99070.0;;3.8;49.18,-0.456167;0.5;;;67;14137
7207;2010-01-30T07:00:00+01:00;100140;340;9.3;81;99620.0;;;47.294333,-3.218333;6.100000000000023;;;34;56009
7627;2010-01-30T07:00:00+01:00;100470;300;6.2;75;95540.0;;9.6;43.005333,1.106833;3.8000000000000114;;;414;9289
7630;2010-01-30T13:00:00+01:00;100190;250;5.7;46;98290.0;;;43.621,1.378833;7.5;;;151;31069
7630;2010-01-30T16:00:00+01:00;100110;280;9.3;68;98210.0;;;43.621,1.378833;7.600000000000023;;;151;31069
89642;2010-01-30T16:00:00+01:00;98750;130;11.8;78;98220.0;;;-66.663167,140.001;1.3000000000000114;;;43;
7471;2010-01-30T22:00:00+01:00;;310;4.1;77;90450.0;;;45.0745,3.764;-3.599999999999966;;;833;43062
7207;2010-01-31T01:00:00+01:00;100920;20;1.0;62;100380.0;;;47.294333,-3.218333;1.7000000000000455;;;34;56009
7314;2010-01-31T01:00:00+01:00;100900;40;3.6;68;100610.0;;;46.046833,-1.4115;2.8000000000000114;;;11;17323
7591;2010-01-31T01:00:00+01:00;;260;1.0;80;89660.0;;;44.565667,6.502333;-9.5;;;871;5046
7434;2010-01-29T01:00:00+01:00;101210;270;1.5;100;96270.0;;;45.861167,1.175;-0.0999999999999659;;;402;87085
78897;2010-01-29T01:00:00+01:00;101560;50;3.6;61;;;2.2;16.264,-61.516333;24.600000000000023;;;11;97101
7240;2010-01-29T04:00:00+01:00;100550;230;4.6;90;99190.0;;;47.4445,0.727333;3.5;;;108;37179
7299;2010-01-29T04:00:00+01:00;100470;240;4.6;76;97130.0;;;47.614333,7.51;1.400000000000034;;;263;68042
7460;2010-01-29T04:00:00+01:00;100800;180;0.5;93;96810.0;;;45.786833,3.149333;0.6000000000000227;;;331;63113
7650;2010-01-29T07:00:00+01:00;100190;330;7.2;68;99800.0;;0.0;43.437667,5.216;4.0;;;9;13054
7314;2010-01-29T10:00:00+01:00;100100;230;8.7;94;99820.0;;;46.046833,-1.4115;8.300000000000011;;;11;17323
7460;2010-01-29T13:00:00+01:00;99650;240;7.7;61;95780.0;;;45.786833,3.149333;6.100000000000023;;;331;63113
7535;2010-01-29T13:00:00+01:00;100090;200;4.1;99;96950.0;;;44.745,1.396667;4.5;;;260;46127
78925;2010-01-29T13:00:00+01:00;101440;80;7.7;76;;;0.4;14.595333,-60.995667;25.0;;28.400000000000034;3;97213
7005;2010-01-29T16:00:00+01:00;98880;330;7.7;92;97950.0;;;50.136,1.834;4.300000000000011;;;69;80001
7015;2010-01-29T16:00:00+01:00;98640;350;5.7;86;98070.0;;;50.57,3.0975;4.300000000000011;;;47;59256
7110;2010-01-29T16:00:00+01:00;99960;350;7.7;82;98810.0;;;48.444167,-4.412;6.600000000000023;;;94;29075
7117;2010-01-29T16:00:00+01:00;99810;340;11.3;66;99110.0;;;48.825833,-3.473167;7.900000000000034;;;55;22168
7335;2010-01-29T16:00:00+01:00;99290;290;6.2;73;97860.0;;;46.593833,0.314333;8.900000000000034;;;123;86194
7110;2010-01-29T19:00:00+01:00;100200;340;11.3;69;99050.0;;;48.444167,-4.412;5.7000000000000455;;;94;29075
7335;2010-01-29T19:00:00+01:00;99460;320;8.2;88;98020.0;;;46.593833,0.314333;6.600000000000023;;;123;86194
7607;2010-01-29T19:00:00+01:00;99950;270;4.1;92;99240.0;;;43.909833,-0.500167;8.0;;;59;40192
7627;2010-01-29T19:00:00+01:00;100020;280;7.7;72;95170.0;;;43.005333,1.106833;7.0;;;414;9289
61976;2010-01-29T19:00:00+01:00;100970;10;1.0;82;;30.0;;-15.887667,54.520667;28.5;;;7;
78922;2010-01-29T22:00:00+01:00;101240;90;9.8;54;100940.0;;;14.7745,-60.875333;26.30000000000001;;;26;97230
7460;2010-01-16T04:00:00+01:00;102150;190;3.1;91;98110.0;;;45.786833,3.149333;1.1000000000000227;;;331;63113
81401;2010-01-16T04:00:00+01:00;101400;;;96;101350.0;;;5.4855,-54.031667;24.900000000000034;;;5;97311
7181;2010-01-16T07:00:00+01:00;102190;120;3.1;99;97910.0;;0.0;48.581,5.959833;-1.2999999999999545;;;336;54523
7747;2010-01-16T07:00:00+01:00;102150;0;0.0;87;101600.0;;0.0;42.737167,2.872833;4.300000000000011;;;42;66136
81405;2010-01-16T07:00:00+01:00;101240;80;3.1;91;101150.0;;;4.822333,-52.365333;25.600000000000023;;;4;97307
7207;2010-01-16T10:00:00+01:00;100800;190;10.8;95;100280.0;;;47.294333,-3.218333;10.100000000000023;;;34;56009
7747;2010-01-16T10:00:00+01:00;102200;10;2.6;86;101650.0;;;42.737167,2.872833;5.900000000000034;;;42;66136
61997;2010-01-16T10:00:00+01:00;101310;340;15.9;95;;;;-46.4325,51.856667;9.700000000000045;;;146;
7110;2010-01-16T13:00:00+01:00;100400;210;7.7;97;99270.0;;;48.444167,-4.412;11.400000000000034;;;94;29075
7027;2010-01-16T16:00:00+01:00;100540;200;5.1;96;99730.0;;;49.18,-0.456167;7.2000000000000455;;;67;14137
61968;2010-01-16T16:00:00+01:00;101350;310;2.1;76;;;;-11.582667,47.289667;28.900000000000034;;;3;
7661;2010-01-16T19:00:00+01:00;102280;100;6.2;82;100620.0;;;43.079333,5.940833;9.600000000000023;;;115;83153
81415;2010-01-16T19:00:00+01:00;101180;;;81;99980.0;;;3.640167,-54.028333;27.5;;;106;97353
7130;2010-01-16T22:00:00+01:00;100950;290;8.2;79;100430.0;;;48.068833,-1.734;9.700000000000045;;;36;35281
7747;2010-01-16T22:00:00+01:00;102090;250;0.5;87;101550.0;;;42.737167,2.872833;7.900000000000034;;;42;66136
78897;2010-01-16T22:00:00+01:00;101630;130;5.1;64;;;;16.264,-61.516333;27.200000000000045;;;11;97101
7314;2010-01-17T01:00:00+01:00;101840;290;5.7;89;101560.0;;;46.046833,-1.4115;9.100000000000023;;;11;17323
7149;2010-01-17T04:00:00+01:00;101190;280;8.7;81;100100.0;;;48.716833,2.384333;8.200000000000045;;;89;91027
7335;2010-01-17T04:00:00+01:00;101910;260;3.6;90;100430.0;;;46.593833,0.314333;6.5;;;123;86194
7117;2010-02-02T07:00:00+01:00;101620;240;7.2;86;100910.0;;;48.825833,-3.473167;7.400000000000034;;;55;22168
7190;2010-02-02T07:00:00+01:00;102090;180;3.6;84;100190.0;;0.0;48.5495,7.640333;-0.2999999999999545;;;150;67212
7207;2010-02-02T07:00:00+01:00;102000;260;5.7;83;101470.0;;;47.294333,-3.218333;8.300000000000011;;;34;56009
7577;2010-02-02T07:00:00+01:00;102470;360;2.6;88;101530.0;;0.0;44.581167,4.733;0.4000000000000341;;;73;26198
7630;2010-02-02T07:00:00+01:00;102610;180;1.5;89;100590.0;;0.0;43.621,1.378833;-3.1999999999999886;;;151;31069
7190;2010-02-02T13:00:00+01:00;101780;190;6.2;82;99900.0;;;48.5495,7.640333;2.0;;;150;67212
7037;2010-02-02T16:00:00+01:00;100950;240;7.7;100;99100.0;;;49.383,1.181667;5.800000000000011;;;151;76116
7535;2010-02-02T16:00:00+01:00;102110;200;2.1;50;98950.0;;;44.745,1.396667;8.5;;;260;46127
7280;2010-02-02T19:00:00+01:00;101780;200;7.7;87;98970.0;;;47.267833,5.088333;2.2000000000000455;;;219;21473
7110;2010-02-02T22:00:00+01:00;101410;250;4.1;92;100250.0;;;48.444167,-4.412;8.300000000000011;;;94;29075
7299;2010-02-02T22:00:00+01:00;101480;220;5.1;73;98150.0;;;47.614333,7.51;4.400000000000034;;;263;68042
7314;2010-02-02T22:00:00+01:00;101880;230;5.7;81;101600.0;;;46.046833,-1.4115;8.900000000000034;;;11;17323
71805;2010-02-02T22:00:00+01:00;100820;300;11.8;90;100730.0;;;46.766333,-56.179167;-10.799999999999955;;;21;
7650;2010-02-03T01:00:00+01:00;102130;120;1.0;88;101720.0;;;43.437667,5.216;-0.5;;;9;13054
7790;2010-02-03T01:00:00+01:00;102010;180;1.5;64;101860.0;;;42.540667,9.485167;3.6000000000000227;;;10;2b148
61968;2010-02-03T01:00:00+01:00;100850;300;3.1;80;;;;-11.582667,47.289667;27.700000000000045;;;3;
71805;2010-02-03T01:00:00+01:00;101040;300;11.8;81;100950.0;;;46.766333,-56.179167;-10.199999999999989;;;21;
89642;2010-02-03T01:00:00+01:00;99700;150;8.2;42;99170.0;;;-66.663167,140.001;-0.5999999999999659;;;43;
7314;2010-02-03T04:00:00+01:00;101780;210;5.7;83;101500.0;;;46.046833,-1.4115;8.700000000000045;;;11;17323
7434;2010-02-03T04:00:00+01:00;102000;210;4.1;85;97040.0;;;45.861167,1.175;1.2000000000000455;;;402;87085
7434;2010-02-03T07:00:00+01:00;101980;120;1.0;88;97000.0;;0.0;45.861167,1.175;-0.2999999999999545;;;402;87085
7510;2010-02-03T07:00:00+01:00;101920;120;1.5;97;101230.0;;0.0;44.830667,-0.691333;-1.5;;;47;33281
7747;2010-02-09T22:00:00+01:00;100350;320;9.8;57;99810.0;;;42.737167,2.872833;5.400000000000034;;;42;66136
7027;2010-02-10T01:00:00+01:00;101350;10;2.1;83;100510.0;;;49.18,-0.456167;1.6000000000000227;;;67;14137
7535;2010-02-10T01:00:00+01:00;100790;320;2.6;97;97570.0;;;44.745,1.396667;-0.39999999999997726;;;260;46127
61968;2010-02-10T01:00:00+01:00;101040;0;0.0;99;;;;-11.582667,47.289667;24.700000000000045;;;3;
7190;2010-02-10T04:00:00+01:00;100750;30;3.6;89;98840.0;;;48.5495,7.640333;-4.399999999999977;;;150;67212
7335;2010-02-10T04:00:00+01:00;101190;20;6.2;68;99670.0;;;46.593833,0.314333;-2.5;;;123;86194
7630;2010-02-10T04:00:00+01:00;100860;290;5.7;82;98900.0;;;43.621,1.378833;1.1000000000000227;;;151;31069
7299;2010-02-10T07:00:00+01:00;100750;340;4.6;91;97320.0;;2.4;47.614333,7.51;-5.2999999999999545;;;263;68042
61997;2010-02-10T07:00:00+01:00;101170;200;15.9;73;;;0.0;-46.4325,51.856667;7.100000000000023;;;146;
7280;2010-02-10T10:00:00+01:00;101040;10;5.7;69;98180.0;;;47.267833,5.088333;-4.099999999999966;;;219;21473
61997;2010-02-10T10:00:00+01:00;101340;200;10.8;67;;240.0;;-46.4325,51.856667;8.100000000000023;;;146;
7117;2010-02-10T13:00:00+01:00;101690;20;8.7;72;100970.0;;;48.825833,-3.473167;5.100000000000023;;;55;22168
7335;2010-02-10T13:00:00+01:00;101350;320;3.6;74;99850.0;;;46.593833,0.314333;-0.0999999999999659;;;123;86194
7661;2010-02-10T13:00:00+01:00;99510;320;9.3;63;97870.0;;;43.079333,5.940833;6.0;;;115;83153
81401;2010-02-10T13:00:00+01:00;101120;;;81;101070.0;;0.2;5.4855,-54.031667;26.600000000000023;;;5;97311
7110;2010-02-10T16:00:00+01:00;101670;40;6.7;78;100490.0;;;48.444167,-4.412;4.300000000000011;;;94;29075
7627;2010-02-10T16:00:00+01:00;101040;320;4.1;67;96050.0;;;43.005333,1.106833;2.1000000000000227;;;414;9289
78925;2010-02-10T16:00:00+01:00;101420;80;6.2;57;;;;14.595333,-60.995667;29.80000000000001;;;3;97213
7110;2010-02-10T19:00:00+01:00;101740;30;5.1;58;100560.0;;;48.444167,-4.412;3.5;;;94;29075
61997;2010-02-12T22:00:00+01:00;101250;340;13.9;100;;;;-46.4325,51.856667;8.0;;;146;
89642;2010-02-12T22:00:00+01:00;100240;150;12.9;53;99690.0;;;-66.663167,140.001;-6.2999999999999545;;;43;
7130;2010-02-13T01:00:00+01:00;102150;10;2.1;85;101600.0;;;48.068833,-1.734;-0.8999999999999773;;;36;35281
61968;2010-02-13T01:00:00+01:00;101150;80;3.1;86;;;;-11.582667,47.289667;27.900000000000034;;;3;
61980;2010-02-13T01:00:00+01:00;101390;110;6.2;81;;140.0;;-20.8925,55.528667;26.30000000000001;;;8;97418
89642;2010-02-13T01:00:00+01:00;100330;150;10.8;54;99780.0;;;-66.663167,140.001;-4.899999999999977;;;43;
7222;2010-02-13T04:00:00+01:00;101970;360;1.5;87;101640.0;;;47.15,-1.608833;-3.1999999999999886;;;26;44150
7690;2010-02-13T04:00:00+01:00;100710;340;4.1;58;100360.0;;;43.648833,7.209;3.0;;;2;6088
81405;2010-02-13T04:00:00+01:00;101250;0;0.0;93;101160.0;;;4.822333,-52.365333;24.80000000000001;;;4;97307
81401;2010-02-13T07:00:00+01:00;101050;;;98;101000.0;;;5.4855,-54.031667;23.5;;;5;97311
7130;2010-02-13T10:00:00+01:00;101960;20;3.1;79;101420.0;;;48.068833,-1.734;2.8000000000000114;;;36;35281
7460;2010-02-13T10:00:00+01:00;101590;360;3.1;89;97500.0;;;45.786833,3.149333;-4.099999999999966;;;331;63113
81401;2010-02-13T10:00:00+01:00;101050;;;99;101000.0;;;5.4855,-54.031667;23.100000000000023;;;5;97311
7130;2010-02-13T16:00:00+01:00;101850;60;6.2;55;101310.0;;;48.068833,-1.734;3.1000000000000227;;;36;35281
7255;2010-02-13T19:00:00+01:00;101740;30;4.1;74;99640.0;;;47.059167,2.359833;-2.6999999999999886;;;161;18033
7471;2010-02-13T19:00:00+01:00;;50;2.1;81;91340.0;;;45.0745,3.764;-6.5;;;833;43062
78897;2010-02-13T19:00:00+01:00;101210;110;7.2;63;;;0.2;16.264,-61.516333;29.100000000000023;19.700000000000045;;11;97101
7005;2010-02-13T22:00:00+01:00;101960;0;0.0;85;100970.0;;;50.136,1.834;-3.099999999999966;;;69;80001
7015;2010-02-13T22:00:00+01:00;101880;20;1.5;74;101280.0;;;50.57,3.0975;-2.099999999999966;;;47;59256
7149;2010-02-13T22:00:00+01:00;101860;40;3.6;70;100710.0;;;48.716833,2.384333;-2.2999999999999545;;;89;91027
7643;2010-02-13T22:00:00+01:00;101250;30;2.6;64;101150.0;;;43.577,3.963167;0.9000000000000341;;;2;34154
78897;2010-02-13T22:00:00+01:00;101200;130;6.2;69;;;;16.264,-61.516333;27.5;;;11;97101
81401;2010-02-13T22:00:00+01:00;100920;;;75;100870.0;;;5.4855,-54.031667;28.700000000000045;;;5;97311
61972;2010-01-12T22:00:00+01:00;101090;180;5.1;;;;;-22.344167,40.340667;26.600000000000023;;;6;
7434;2010-01-13T01:00:00+01:00;100200;200;6.7;99;95340.0;;;45.861167,1.175;1.5;;;402;87085
7481;2010-01-13T01:00:00+01:00;100520;130;4.6;95;97570.0;;;45.7265,5.077833;0.4000000000000341;;;235;69299
81415;2010-01-13T01:00:00+01:00;101300;;;88;100090.0;;;3.640167,-54.028333;24.30000000000001;;;106;97353
7181;2010-01-13T04:00:00+01:00;100370;110;2.6;92;96130.0;;;48.581,5.959833;-3.5;;;336;54523
7207;2010-01-13T04:00:00+01:00;100030;280;9.3;80;99510.0;;;47.294333,-3.218333;9.600000000000023;;;34;56009
7481;2010-01-13T04:00:00+01:00;100450;140;4.6;93;97520.0;;;45.7265,5.077833;1.8000000000000114;;;235;69299
7591;2010-01-13T04:00:00+01:00;;20;7.2;83;90400.0;;;44.565667,6.502333;-1.2999999999999545;;;871;5046
61980;2010-01-13T04:00:00+01:00;101250;130;6.7;93;;;;-20.8925,55.528667;24.5;;;8;97418
7015;2010-01-13T07:00:00+01:00;100070;110;3.1;91;99480.0;;0.0;50.57,3.0975;-1.8999999999999773;;;47;59256
7747;2010-01-13T07:00:00+01:00;100770;310;5.1;67;100240.0;;0.2;42.737167,2.872833;8.900000000000034;;;42;66136
61980;2010-01-13T07:00:00+01:00;101280;120;8.7;82;;;2.0;-20.8925,55.528667;26.900000000000034;;;8;97418
7027;2010-01-13T10:00:00+01:00;99980;240;6.7;100;99160.0;;;49.18,-0.456167;3.6000000000000227;;;67;14137
61998;2010-01-13T13:00:00+01:00;101550;290;8.7;41;;2050.0;;-49.352333,70.243333;13.300000000000011;;;29;
7222;2010-01-13T16:00:00+01:00;100240;180;3.1;92;99920.0;;;47.15,-1.608833;7.7000000000000455;;;26;44150
7661;2010-01-13T16:00:00+01:00;100980;310;3.6;79;99340.0;;;43.079333,5.940833;8.700000000000045;;;115;83153
7149;2010-01-13T19:00:00+01:00;100470;190;1.5;97;99360.0;;;48.716833,2.384333;2.2000000000000455;;;89;91027
7190;2010-01-13T22:00:00+01:00;100940;360;1.5;95;99050.0;;;48.5495,7.640333;-1.7999999999999545;;;150;67212
7240;2010-01-13T22:00:00+01:00;100230;140;2.6;93;98880.0;;;47.4445,0.727333;4.5;;;108;37179
7630;2010-01-13T22:00:00+01:00;100480;130;2.1;74;98580.0;;;43.621,1.378833;7.400000000000034;;;151;31069
7481;2010-01-21T13:00:00+01:00;102330;80;1.5;91;99390.0;;;45.7265,5.077833;5.800000000000011;;;235;69299
7630;2010-01-21T13:00:00+01:00;102460;340;2.1;77;100520.0;;;43.621,1.378833;8.200000000000045;;;151;31069
61997;2010-01-21T13:00:00+01:00;101710;330;8.2;77;;940.0;;-46.4325,51.856667;10.0;;;146;
7558;2010-01-21T16:00:00+01:00;102180;330;5.1;66;93690.0;;;44.1185,3.0195;5.5;;;712;12145
7747;2010-01-21T16:00:00+01:00;102080;340;3.1;52;101550.0;;;42.737167,2.872833;13.400000000000034;;;42;66136
7181;2010-01-21T19:00:00+01:00;102400;240;1.5;94;98160.0;;;48.581,5.959833;2.1000000000000227;;;336;54523
7661;2010-01-21T19:00:00+01:00;101830;330;3.1;73;100170.0;;;43.079333,5.940833;8.700000000000045;;;115;83153
78925;2010-01-21T19:00:00+01:00;101370;100;6.2;64;;;;14.595333,-60.995667;29.900000000000034;24.0;;3;97213
61996;2010-01-21T22:00:00+01:00;102230;0;0.0;100;;80.0;;-37.795167,77.569167;14.100000000000023;;;27;
67005;2010-01-22T01:00:00+01:00;101070;260;2.1;87;;;;-12.8055,45.282833;27.200000000000045;;;7;97615
7255;2010-01-22T04:00:00+01:00;102370;100;2.6;98;100270.0;;;47.059167,2.359833;-0.2999999999999545;;;161;18033
61980;2010-01-22T04:00:00+01:00;101180;120;5.1;86;;;;-20.8925,55.528667;25.600000000000023;;;8;97418
61972;2010-01-22T07:00:00+01:00;101330;180;3.1;;;;;-22.344167,40.340667;30.80000000000001;;;6;
7139;2010-01-22T10:00:00+01:00;102140;180;3.1;99;100350.0;;;48.4455,0.110167;3.900000000000034;;;143;61077
7130;2010-01-22T13:00:00+01:00;101890;170;5.7;90;101360.0;;;48.068833,-1.734;7.7000000000000455;;;36;35281
7577;2010-01-19T13:00:00+01:00;102210;340;2.6;80;101290.0;;;44.581167,4.733;4.100000000000023;;;73;26198
7607;2010-01-19T13:00:00+01:00;101620;110;3.6;77;100900.0;;;43.909833,-0.500167;7.400000000000034;;;59;40192
7790;2010-01-19T13:00:00+01:00;102120;50;2.1;61;101970.0;;;42.540667,9.485167;12.800000000000011;;;10;2b148
67005;2010-01-19T19:00:00+01:00;101300;270;2.1;87;;;;-12.8055,45.282833;26.400000000000034;;;7;97615
7222;2010-01-19T22:00:00+01:00;101370;130;3.6;91;101050.0;;;47.15,-1.608833;5.5;;;26;44150
61980;2010-01-19T22:00:00+01:00;101310;0;0.0;82;;;;-20.8925,55.528667;24.700000000000045;;;8;97418
61997;2010-01-19T22:00:00+01:00;101450;340;12.9;100;;370.0;;-46.4325,51.856667;8.0;;;146;
7627;2010-01-20T01:00:00+01:00;101670;280;1.0;97;96730.0;;;43.005333,1.106833;6.100000000000023;;;414;9289
81408;2010-01-20T01:00:00+01:00;101230;0;0.0;93;101150.0;;;3.890667,-51.804667;24.30000000000001;;;6;97308
7110;2010-01-20T04:00:00+01:00;100840;290;3.6;96;99690.0;;;48.444167,-4.412;7.7000000000000455;;;94;29075
7168;2010-01-20T04:00:00+01:00;101540;130;3.6;90;100130.0;;;48.324667,4.02;-0.39999999999997726;;;112;10030
7434;2010-01-20T04:00:00+01:00;101430;200;4.1;99;96590.0;;;45.861167,1.175;5.800000000000011;;;402;87085
7314;2010-01-20T07:00:00+01:00;101270;270;8.7;92;100990.0;;3.8;46.046833,-1.4115;9.600000000000023;;;11;17323
7747;2010-01-20T07:00:00+01:00;101560;200;1.0;95;101020.0;;0.4;42.737167,2.872833;7.5;;;42;66136
61998;2010-01-20T07:00:00+01:00;101650;110;8.2;77;;;0.0;-49.352333,70.243333;10.600000000000023;;;29;
7510;2010-02-07T19:00:00+01:00;101460;50;1.5;75;100800.0;;;44.830667,-0.691333;7.900000000000034;;;47;33281
7299;2010-02-07T22:00:00+01:00;101640;20;1.5;99;98280.0;;;47.614333,7.51;2.400000000000034;;;263;68042
7314;2010-02-07T22:00:00+01:00;101500;80;5.7;76;101220.0;;;46.046833,-1.4115;5.900000000000034;;;11;17323
7434;2010-02-08T01:00:00+01:00;101230;90;7.7;89;96310.0;;;45.861167,1.175;1.1000000000000227;;;402;87085
7510;2010-02-08T01:00:00+01:00;101100;60;4.1;77;100430.0;;;44.830667,-0.691333;4.7000000000000455;;;47;33281
7149;2010-02-08T04:00:00+01:00;101290;40;1.5;87;100170.0;;;48.716833,2.384333;2.900000000000034;;;89;91027
81415;2010-02-08T04:00:00+01:00;101170;;;99;99960.0;;;3.640167,-54.028333;24.80000000000001;;;106;97353
7255;2010-02-08T07:00:00+01:00;101030;130;1.0;88;98980.0;;0.0;47.059167,2.359833;2.3000000000000114;;;161;18033
7535;2010-02-08T07:00:00+01:00;100720;140;1.0;94;97490.0;;0.0;44.745,1.396667;-1.2999999999999545;;;260;46127
7643;2010-02-08T10:00:00+01:00;100650;20;3.1;70;100550.0;;;43.577,3.963167;5.100000000000023;;;2;34154
7761;2010-02-08T10:00:00+01:00;100780;40;1.5;66;100670.0;;;41.918,8.792667;10.200000000000045;;;5;2a004
67005;2010-02-08T10:00:00+01:00;101300;240;3.1;74;;60.0;;-12.8055,45.282833;28.900000000000034;;;7;97615
7335;2010-02-08T19:00:00+01:00;100330;30;3.6;82;98860.0;;;46.593833,0.314333;3.3000000000000114;;;123;86194
7015;2010-02-08T22:00:00+01:00;100720;50;6.2;80;100130.0;;;50.57,3.0975;-1.7999999999999545;;;47;59256
7314;2010-02-08T22:00:00+01:00;100320;20;8.2;74;100040.0;;;46.046833,-1.4115;4.300000000000011;;;11;17323
7460;2010-02-08T22:00:00+01:00;100230;350;1.0;80;96270.0;;;45.786833,3.149333;1.5;;;331;63113
71805;2010-02-09T01:00:00+01:00;98570;270;5.1;100;98480.0;;;46.766333,-56.179167;-0.5999999999999659;;;21;
81401;2010-02-09T01:00:00+01:00;101130;;;95;101080.0;;;5.4855,-54.031667;25.600000000000023;;;5;97311
7535;2010-02-09T04:00:00+01:00;99990;100;1.5;91;96820.0;;;44.745,1.396667;1.7000000000000455;;;260;46127
7747;2010-02-09T04:00:00+01:00;99800;300;3.6;88;99270.0;;;42.737167,2.872833;6.0;;;42;66136
7761;2010-02-09T04:00:00+01:00;100010;180;1.0;74;99900.0;;;41.918,8.792667;7.100000000000023;;;5;2a004
7481;2010-02-09T07:00:00+01:00;100110;10;1.0;95;97170.0;;1.8;45.7265,5.077833;0.30000000000001137;;;235;69299
7761;2010-02-09T07:00:00+01:00;99810;50;2.1;79;99700.0;;0.2;41.918,8.792667;8.200000000000045;;;5;2a004
61980;2010-02-09T07:00:00+01:00;101380;110;10.8;74;;;6.0;-20.8925,55.528667;28.900000000000034;;;8;97418
78897;2010-02-09T07:00:00+01:00;101560;100;1.0;92;;240.0;0.0;16.264,-61.516333;22.30000000000001;20.80000000000001;30.0;11;97101
7168;2010-02-09T10:00:00+01:00;100310;20;2.6;80;98920.0;;;48.324667,4.02;-0.0999999999999659;;;112;10030
7222;2010-02-09T13:00:00+01:00;100710;20;4.1;69;100390.0;;;47.15,-1.608833;2.2000000000000455;;;26;44150
7240;2010-02-09T16:00:00+01:00;100630;10;4.6;80;99250.0;;;47.4445,0.727333;0.0;;;108;37179
61997;2010-02-11T22:00:00+01:00;101360;250;7.2;89;;;;-46.4325,51.856667;7.900000000000034;;;146;
7627;2010-02-12T07:00:00+01:00;101700;290;2.1;59;96560.0;;0.2;43.005333,1.106833;-4.199999999999989;;;414;9289
7027;2010-02-12T13:00:00+01:00;102150;40;3.1;76;101310.0;;;49.18,-0.456167;2.400000000000034;;;67;14137
81415;2010-02-12T13:00:00+01:00;101280;;;88;100070.0;;0.2;3.640167,-54.028333;24.80000000000001;;;106;97353
7747;2010-02-12T16:00:00+01:00;101030;330;10.3;47;100480.0;;;42.737167,2.872833;3.0;;;42;66136
7535;2010-02-12T19:00:00+01:00;101680;340;3.1;68;98410.0;;;44.745,1.396667;-1.6999999999999886;;;260;46127
7037;2010-02-12T22:00:00+01:00;102110;30;3.6;80;100190.0;;;49.383,1.181667;-0.5;;;151;76116
7240;2010-02-12T22:00:00+01:00;102010;320;1.5;84;100590.0;;;47.4445,0.727333;-3.7999999999999545;;;108;37179
7299;2010-02-12T22:00:00+01:00;101670;60;1.5;90;98230.0;;;47.614333,7.51;-3.3999999999999773;;;263;68042
7558;2010-02-12T22:00:00+01:00;101600;320;6.2;70;92750.0;;;44.1185,3.0195;-7.399999999999977;;;712;12145
7690;2010-02-16T04:00:00+01:00;100460;330;4.1;78;100120.0;;;43.648833,7.209;5.900000000000034;;;2;6088
71805;2010-02-16T04:00:00+01:00;99640;270;4.1;100;99550.0;;;46.766333,-56.179167;-0.19999999999998863;;;21;
81401;2010-02-16T04:00:00+01:00;101180;;;94;101130.0;;;5.4855,-54.031667;23.600000000000023;;;5;97311
7117;2010-02-16T07:00:00+01:00;99820;210;5.7;95;99110.0;;;48.825833,-3.473167;2.8000000000000114;;;55;22168
7015;2010-02-16T10:00:00+01:00;100020;190;6.2;71;99430.0;;;50.57,3.0975;-0.7999999999999545;;;47;59256
7181;2010-02-16T10:00:00+01:00;100410;110;2.6;71;96180.0;;;48.581,5.959833;-2.2999999999999545;;;336;54523
78922;2010-02-16T10:00:00+01:00;101140;130;7.7;77;100840.0;;;14.7745,-60.875333;26.100000000000023;;;26;97230
7130;2010-02-16T16:00:00+01:00;99520;120;2.6;49;99000.0;;;48.068833,-1.734;6.600000000000023;;;36;35281
7149;2010-02-16T16:00:00+01:00;99770;120;2.6;52;98670.0;;;48.716833,2.384333;3.7000000000000455;;;89;91027
7005;2010-02-16T19:00:00+01:00;99610;130;6.2;74;98660.0;;;50.136,1.834;1.2000000000000455;;;69;80001
7110;2010-02-16T19:00:00+01:00;99290;190;6.2;82;98140.0;;;48.444167,-4.412;4.400000000000034;;;94;29075
78897;2010-02-16T19:00:00+01:00;101360;130;8.7;68;;;1.2;16.264,-61.516333;28.700000000000045;23.900000000000034;;11;97101
7471;2010-02-16T22:00:00+01:00;;150;2.1;80;89890.0;;;45.0745,3.764;3.1000000000000227;;;833;43062
61998;2010-02-16T22:00:00+01:00;101410;240;8.7;81;;2560.0;;-49.352333,70.243333;6.0;;;29;
78922;2010-02-16T22:00:00+01:00;101150;140;7.2;73;100850.0;;;14.7745,-60.875333;27.100000000000023;;;26;97230
7027;2010-02-17T01:00:00+01:00;99330;140;3.1;87;98490.0;;;49.18,-0.456167;-3.3999999999999773;;;67;14137
81408;2010-02-17T01:00:00+01:00;101090;20;1.0;90;101010.0;;;3.890667,-51.804667;25.80000000000001;;;6;97308
7621;2010-02-17T04:00:00+01:00;98910;200;2.6;85;94570.0;;;43.188,0.0;2.1000000000000227;;;360;65284
