7558
61976
7027
7110
7591
71805
78925
7015
7149
81408
89642
7020
7761
81405
7168
7607
7650
71805
7149
61972
7280
7434
61976
7020
7117
7168
7690
61970
71805
7168
7181
7222
7335
7222
7650
61972
7015
7280
81405
7020
7207
7621
7747
7434
61998
7314
7015
7110
7168
7222
7630
7015
7481
7627
7510
78925
81408
78925
7434
7690
7015
7020
7335
7630
7314
61980
61996
71805
7207
7510
7577
7650
61972
7240
7577
7117
7130
7149
7190
7577
7627
78897
7577
61980
67005
67005
7027
78922
7621
7690
61997
7240
7255
7627
7005
7149
7314
7460
7510
78897
7471
61980
61996
81408
7149
7299
7607
61972
7027
7255
7510
7222
7299
7630
7747
7790
7207
7280
7335
7607
7005
7207
7255
61976
81401
7790
61980
61976
7299
89642
7510
7207
7790
7130
7240
7643
7434
7471
61970
7222
7661
7190
7621
7577
7314
7481
61997
7027
7207
7510
7630
61970
61997
81415
61972
7027
7181
67005
71805
7222
61968
7650
81405
61997
61970
78897
7139
7335
7471
7130
78925
81408
7015
7790
7117
7434
7790
61972
67005
67005
78897
7020
7535
7027
7690
71805
7577
81408
7481
61997
7037
7661
7130
7139
78897
7015
7460
67005
61980
7005
7110
7434
7607
7130
7747
78897
81415
7240
61976
61998
78925
7207
7607
7139
78925
7181
7280
7481
7510
7577
61972
61976
78922
7690
7037
7299
7621
7005
7335
89642
7015
7510
61972
7117
7577
61997
81405
81415
7005
7535
7558
61976
71805
7335
61976
7130
7591
7643
81415
7117
7139
7255
7690
7299
7510
7621
61998
78925
7168
78925
89642
7314
7535
7558
7222
7005
7471
7510
7335
71805
7181
7607
7627
7690
71805
7607
61970
78925
7607
61968
61970
7117
7558
7661
7037
7335
67005
78922
7434
7630
7335
81405
81415
7190
7280
7335
81415
81401
7190
61998
78925
7661
61970
7005
71805
7607
7037
7335
7643
7460
7690
89642
7168
81415
7558
81415
7181
7747
61980
7005
7037
61997
7661
7535
7577
61970
61997
61970
7747
7661
7535
7630
71805
7510
7299
61970
7005
78897
81408
61968
78897
7015
7314
61972
61976
7481
7510
7027
7630
7181
61970
7168
7222
7460
61996
7761
7027
7471
7481
7460
7661
7790
61998
7149
7510
7577
7790
61972
61980
7005
7037
7255
61996
7650
7015
61972
67005
7643
7037
7621
7168
7535
61997
7110
7535
67005
7149
78897
7110
7190
61996
81405
7139
7027
7535
61972
7037
7630
7761
61996
61998
7149
7460
7280
7240
7607
67005
81408
7139
7149
7460
61976
7005
7130
7255
71805
89642
7460
61998
7621
7015
7149
7335
7558
7661
7591
7621
61972
7314
7661
7577
7650
7621
71805
7460
7255
7280
61970
7510
7643
7558
89642
7790
7761
61998
7190
7481
61980
7314
67005
78897
78922
89642
7471
7168
7621
61998
7255
7314
7591
7627
7240
7314
7761
7790
7015
7149
7168
7240
7535
78897
7434
7643
7110
67005
7117
78897
81408
7110
7130
7510
71805
7020
78925
7020
7335
7434
7690
61997
7110
7240
7591
7607
81405
7650
7661
7471
7037
61980
81415
7005
7661
7314
78922
7761
61997
7621
7627
67005
7168
7207
7020
7037
7130
7190
7460
7761
61972
7643
71805
7240
7690
7790
61970
78925
81405
7314
7471
7661
61980
7255
81401
7510
78925
7535
81401
7558
7747
7761
7139
7280
7020
81408
7621
7761
7015
7222
7558
89642
61970
61996
67005
81401
71805
7005
7130
7471
7643
61980
7027
7149
7037
7434
7117
7240
7690
7747
7149
7168
7535
61980
71805
7130
89642
7607
78922
7005
7020
7335
61972
7130
7661
7690
81408
7117
7747
81415
7130
7747
78922
81405
7020
7577
7790
78897
7577
7149
7577
81408
7661
61976
81405
81408
81415
7130
61976
7015
7027
7761
81415
7020
7471
7510
7747
89642
7130
7240
7690
61968
81408
81415
7015
7020
61970
61998
7027
7222
7650
78922
7510
78925
7020
7558
78897
7181
7460
7207
7460
7761
61972
7577
67005
81401
81415
7222
7130
7280
61970
61980
7335
7280
7015
7110
7607
61980
7110
7149
61976
61980
7110
7181
7661
7460
61980
67005
7643
61970
81401
81405
89642
7630
61968
7747
78925
7027
61968
7117
61968
7481
61980
7117
7240
81405
7005
7747
61997
7627
61980
67005
7240
7650
61968
78922
7434
7168
7481
7535
61968
7222
81408
7761
81405
7139
7190
7510
7790
7181
7255
61980
78925
7280
7577
67005
7460
61980
81415
7607
7650
7130
81405
7222
7577
61970
7335
7168
7510
7643
7747
61970
7168
7558
7168
7591
7005
7168
7222
78897
7643
78925
81408
7690
7149
7481
61976
61996
71805
7747
78925
7190
7181
7434
7761
7240
7661
7168
89642
7535
7591
7621
7627
7630
7747
7207
61980
78922
81415
7481
78925
7335
7591
81408
81415
7015
7015
7149
7661
61976
61998
7020
7661
81405
7181
61996
7280
78925
7255
7314
7630
7650
78897
78925
7181
7299
7627
61980
7005
7510
7690
7471
7558
78925
7535
7627
81415
7690
67005
7535
7627
7790
61970
61998
81405
7255
7335
7222
7535
81408
7222
7181
61976
7434
61997
81408
7110
81408
7037
7117
7117
7621
7020
7314
7037
78897
81408
7761
67005
7335
7621
7747
7471
7255
7280
7577
7181
7222
61970
7139
61997
89642
61968
7110
7130
7558
7747
7761
61968
61998
81401
7510
7627
61972
7650
61996
7255
7535
7621
61972
71805
7037
61997
7027
7190
7535
7621
7621
61970
78922
81415
67005
7255
7299
7627
7790
78925
7471
61976
7130
7190
89642
81415
7591
81405
7535
7027
7149
7280
7577
78897
7299
61998
81415
7591
7020
7149
7181
7535
7149
61976
89642
7005
81415
7207
7471
7314
7510
7661
7747
81415
89642
7240
7627
7650
7149
7181
78897
7207
7460
7607
7190
7005
7110
7139
7110
7481
78925
7027
7650
61972
7130
71805
7117
7190
7471
61998
7020
67005
7015
7591
89642
7510
61976
7255
7627
7005
7299
61997
81405
7149
7607
61996
7110
7460
7630
78922
7577
7650
7790
61998
78897
7110
7149
7168
7299
7607
81415
7005
61997
81401
7015
7168
7690
61970
61980
7168
7627
7627
7747
7240
7460
7643
7149
7314
7255
61968
7621
7747
7535
61972
7027
7299
7117
7471
7481
7110
7661
78922
7207
61968
7190
7747
78897
7747
78922
81408
7190
7130
7630
61970
7139
7535
7627
61972
61997
7747
81401
7020
7110
7460
7630
61998
7139
7240
7005
7110
7481
7255
7591
7643
61972
7168
7460
78897
89642
61976
89642
7607
7643
7650
61970
7005
7168
7630
7015
7149
7299
7577
7627
81405
7139
7190
7255
7471
7130
7139
7630
78925
7299
7591
7535
61997
78897
7577
7314
7643
7027
7627
61980
7222
7255
7650
7627
61980
81408
7015
7222
61998
89642
7139
7747
61968
7027
7168
7190
7434
7510
7027
7222
61997
7299
7790
78925
7015
7117
7558
71805
7181
61976
7149
7168
61968
7314
7471
7650
7027
61997
7790
78925
89642
7460
7535
7110
7434
78897
7130
7207
7630
61997
71805
7790
7020
7314
7621
7790
7207
78922
7005
7510
7335
61980
7027
7535
7314
7471
78897
7643
81415
7240
7510
7661
7747
61976
71805
81415
7650
7027
7190
61976
78897
7020
7627
81405
7181
7005
7510
78925
7181
7630
7747
71805
7110
7255
7535
7591
7627
7577
7607
7314
7481
61998
7434
7535
61972
7460
7761
7130
7190
7690
71805
7299
61980
7314
7510
7607
7434
7460
61976
7130
7761
61996
7149
7222
7650
81415
7130
7630
7027
61970
7117
7130
7621
61968
81408
7149
7630
7790
78922
7661
7027
7190
81408
7027
7299
7027
7190
7510
7591
81401
7643
61972
81401
7627
61972
78925
7005
7434
7690
7630
7015
7110
61996
7222
7280
7037
7168
7535
7747
61998
7015
7434
7110
7434
7510
7181
61976
78897
81405
71805
78897
7037
7117
7240
7621
61976
61996
7434
7591
7027
7607
7460
61970
7005
7630
7240
7535
61976
7460
61998
7168
7181
7747
7110
7661
7110
81408
61997
7005
7471
7607
7222
7471
7434
7577
61980
61970
81408
67005
61968
61997
7222
61996
78925
81415
7280
67005
7005
7335
7558
7591
7643
7015
7207
7630
7535
61976
7020
7627
7650
7299
78925
7015
71805
7117
7591
81408
7037
7015
7110
78897
7149
7117
7110
7299
89642
7149
7630
7650
7690
81401
7607
7280
7460
7471
7558
7535
7130
7335
7434
7015
7761
61980
7139
7460
61980
7130
7335
81408
7299
7510
61998
7130
7181
7558
7607
7299
7471
7558
7005
7168
7434
78897
7747
81401
61968
7643
7690
7181
67005
7037
7661
7790
7607
61968
78922
7790
78922
81401
7591
61968
61997
7535
89642
7222
7650
7020
7027
7471
7255
7558
7661
7139
7790
7460
7630
81405
61968
7117
61976
7181
7591
89642
7255
7460
7168
7747
7481
81401
7650
61998
7037
7149
7481
61996
61997
7110
78925
7110
7240
7207
7747
61980
71805
7181
7650
7168
7335
7222
7481
7690
71805
7460
81408
7535
7471
7149
7558
7607
7690
7037
7558
81408
7110
7130
7240
7621
61980
81415
7240
7535
78922
78925
7005
7117
61980
81408
7005
7460
7607
7650
7255
7314
81415
7558
81401
7607
61996
7130
7630
81408
7149
7299
7747
81401
7255
78922
81401
7139
61997
81408
7299
61970
7314
7790
71805
81408
7005
7207
7255
7280
7335
7471
7627
7661
7577
7621
7627
7790
61997
7790
7280
7168
67005
78922
7761
7020
7117
7168
7280
61976
81408
7139
7207
7535
7643
7005
7240
7434
7591
81401
7471
7130
81401
7020
67005
78925
7190
7314
7621
7314
7149
7222
7510
7747
61970
7535
7020
7117
7280
7510
61970
7761
61972
61996
78925
7130
81408
7130
7621
61998
7037
7434
7117
61970
7149
7139
7471
61998
67005
7240
7139
7434
61996
71805
7240
7314
7005
7535
7690
71805
61998
7471
7761
89642
7591
81415
7207
7643
7591
7335
81405
7460
7335
7630
61980
7130
7005
7591
81405
7207
61970
7027
7168
7280
7481
7591
61980
7299
61968
7643
61968
7299
7280
7630
61998
71805
61996
61997
78897
7621
7643
7690
61997
7027
7190
61970
81405
7460
7630
61972
78897
78925
81408
7747
61968
7481
7627
7643
7222
7280
7558
7168
71805
7130
7207
7621
61997
7020
7149
7661
7110
7190
78925
7577
7591
7661
61970
7790
7117
7280
7510
7621
7037
7110
7255
7650
7747
81405
7627
7690
61980
7761
7207
61998
7005
7117
81401
7627
7577
61968
71805
7149
7434
7027
7510
7643
61996
61980
61976
7015
7535
81405
7558
7621
61996
71805
7643
7650
61996
7434
81405
7240
7630
7661
7747
81415
7005
7110
7280
7510
7630
81415
7117
7481
7761
61968
81415
7558
7168
61968
61970
61998
7621
7130
7510
7577
7661
78897
7130
7280
7037
7207
7460
7607
7661
7471
61997
7280
71805
7222
7607
7627
7650
81401
7130
61980
7591
81408
78897
81405
7650
61996
89642
78925
61972
7139
7015
7110
7149
7207
7139
61980
7207
7481
7621
61980
61998
78925
7607
7761
78925
7027
7643
7015
7621
7027
89642
7690
7037
7149
7168
7190
89642
7020
7130
7314
61996
7460
61997
7207
7630
78922
7139
7190
7460
7535
61972
89642
7607
61996
7005
7139
7335
89642
7072
7690
61976
71805
78897
7510
78897
7020
81408
7110
7240
7222
7314
7607
61980
7072
7335
7650
7072
7627
7240
7535
7690
7255
7621
81408
7139
7761
78925
89642
7240
7535
7747
7280
7607
7627
7314
7460
7510
7630
61972
7255
7627
7471
61980
7015
7690
7761
7207
7037
81401
7005
7222
7558
7790
7790
78897
7181
7621
7117
7481
7747
7280
7299
7627
7650
7690
61980
78922
7222
7761
81401
7621
78897
61976
7037
7299
81408
7299
7630
78897
89642
7255
7314
7005
7072
61998
78922
61968
7015
67005
7747
7149
7481
7577
7434
7690
7661
61996
7005
7621
81405
7168
7761
67005
61980
61997
7558
61976
81408
7168
7481
7761
89642
7117
81408
7577
81401
7434
7027
7240
7335
7661
7630
7027
7149
78925
7460
7471
7577
7591
7005
7607
61968
61997
7222
61968
7005
71805
7207
7607
7630
71805
7591
7627
78922
7005
61996
7117
7481
7280
71805
7005
7434
78925
7240
7661
7207
7481
7790
81405
7117
7690
7027
7207
7627
7630
7630
89642
7471
7207
7314
7591
7434
78897
7240
7299
7460
7650
7314
7460
7535
78925
7005
7015
7110
7117
7335
7110
7335
7607
7627
61976
78922
7460
81401
7181
7747
81405
7207
7747
61997
7110
7027
61968
7661
81415
7130
7747
78897
7314
7149
7335
7117
7190
7207
7577
7630
7190
7037
7535
7280
7110
7299
7314
71805
7650
7790
61968
71805
89642
7314
7434
7434
7510
7747
7027
7535
61968
7190
7335
7630
7299
61997
7280
61997
7117
7335
7661
81401
7110
7627
78925
7110
61997
89642
7130
61968
61980
89642
7222
7690
81405
81401
7130
7460
81401
7130
7255
7471
78897
7005
7015
7149
7643
78897
81401
61972
7434
7481
81415
7181
7207
7481
7591
61980
7015
7747
61980
7027
61998
7222
7661
7149
7190
7240
7630
7481
7630
61997
7558
7747
7181
7661
78925
61996
67005
7255
61980
61972
7139
7130
7577
7607
7790
67005
7222
61980
61997
7627
81408
7110
7168
7434
7314
7747
61998
7510
7299
7314
7434
7510
7149
81415
7255
7535
7643
7761
67005
7335
7015
7314
7460
71805
81401
7535
7747
7761
7481
7761
61980
78897
7168
7222
7240
61997
7627
7027
81415
7747
7535
7037
7240
7299
7558
7690
71805
81401
7117
7015
7181
78922
7130
7149
7005
7110
78897
7471
61998
78922
7027
81408
7621
7650
7168
7117
7190
7535
7591
7190
7110
7535
7558
61998
7280
7661
7222
7460
7510
81405
7335
7621
7027
7072
7299
7761
7790
61976
7015
61968
81415
7015
7630
7761
81401
81405
7207
71805
78922
7072
7207
7335
61998
78897
81401
7577
7591
7149
7280
7761
7558
7110
7117
7558
7168
7314
7255
7299
7761
7790
67005
7280
78925
81415
7139
61972
7117
61968
61970
7535
7621
61972
81401
61968
61976
7481
7621
7690
7027
7481
7149
7627
81408
7020
7130
7181
7747
81408
7650
61972
81401
7005
7037
7621
7020
81405
7037
7207
7255
7510
7471
7650
7207
67005
81415
7005
7020
7037
7168
7481
7577
7627
7510
7460
61970
61970
7005
7643
7558
7627
78922
81401
7222
7207
61972
81405
7535
7643
61996
7460
7558
61997
7037
7591
7460
7558
7591
7747
61996
81405
7222
7240
7434
7621
7139
7240
7255
7015
7005
7207
78922
78925
81415
7110
7037
7207
7255
78925
7747
61972
7558
7255
7314
7117
7222
7005
81415
7607
61970
7434
7510
7222
7607
7149
78922
7471
7661
78897
7280
7299
7314
61980
81408
7481
7661
89642
7207
7690
61997
7471
61998
7117
7139
7481
71805
7149
7650
7607
7027
7299
7558
7747
7335
7037
7072
7222
7643
7005
7117
61997
7110
89642
7591
7790
7020
7650
7434
7015
61997
7015
7607
7005
7621
7761
61972
7110
7139
7139
7190
7240
7299
7510
7117
7168
7558
7240
61970
78897
7222
7240
7690
7790
81405
7168
7072
7481
7535
7621
61980
7510
7643
7037
7761
61997
7335
7139
7471
7471
7630
7747
61970
61996
7280
7255
81408
7149
7661
78925
7110
7027
61970
7117
7591
7020
7168
7460
7535
61976
7481
7650
78922
81401
7027
7471
7591
7015
7621
78897
7005
7558
7149
7207
7460
61980
7761
61998
78897
81405
81415
7535
7630
61980
81405
7607
7627
7690
7630
7690
7471
61996
7280
7471
7621
7643
61972
81408
7027
7591
61997
81405
7510
67005
7471
7661
7627
7037
7510
7577
7607
7139
7471
7299
7661
7481
7027
7577
7168
7240
7181
7335
7005
7149
7591
89642
7027
7149
7747
7005
7015
7117
7650
61997
7481
7621
7650
7471
7627
78922
7577
7690
61976
7280
7510
7790
71805
61996
81401
7037
7434
7591
71805
78897
7015
7207
61970
7027
7510
7117
7434
7460
78922
7761
7510
7661
7690
61996
7335
61976
7027
7139
7690
7280
67005
7222
7139
7181
7207
7434
67005
7037
7207
7299
7627
7255
7168
7139
81405
7621
61996
7139
7190
7299
61970
7149
7255
61997
7481
7314
7460
7627
81401
7149
7020
78897
81405
7005
7149
7577
61997
7015
7335
61968
61980
7027
7460
7761
7577
7607
7643
61972
7015
7027
7130
7190
7255
7314
61998
7015
7314
7471
78897
7280
61996
7299
7434
7643
61968
78925
7240
7255
7630
81405
7591
7607
61997
7020
7434
61968
61972
7207
7222
7240
7661
78922
7335
61997
7222
7535
7690
61996
7020
61968
71805
7240
7630
7747
7207
7643
61976
7335
7460
7130
7280
61970
7510
61976
7747
78922
7020
7577
7607
7621
67005
78897
7117
7650
7027
7037
7650
7117
7481
89642
7027
7149
7790
81405
7130
7510
7630
71805
7535
7607
7117
7130
7168
7314
7335
78922
7168
7591
7661
7181
7335
7481
61976
61998
7181
7222
7139
61996
61997
7471
7650
78922
7558
7643
7761
7020
67005
7015
7299
7627
7027
7130
61968
7222
7005
7020
7168
61976
61996
7335
7190
7255
7650
81415
7577
61997
7110
7130
7168
61996
81405
7190
7314
7577
7130
7222
7240
7747
61976
7139
7240
7117
7630
7481
71805
81405
7168
7558
7690
7139
7643
61970
7790
7661
7335
7558
7591
61968
7139
7747
7481
89642
7621
7790
81401
81408
81415
7037
7110
7591
7535
7591
61996
81408
7015
7255
7314
7110
7222
7015
7255
7650
7110
7255
7027
7037
7558
7621
7117
7139
7299
7460
7621
7240
7314
7117
7181
7255
7460
81408
7434
81405
7207
7471
61970
7577
81405
81408
7314
81401
81415
7335
7434
7510
7577
7621
7027
7481
7577
7181
7661
61972
61980
7117
7510
7190
7558
81405
71805
7110
7168
7335
7481
7627
7661
7621
7168
7190
7650
7790
81405
7149
7460
7481
7558
61972
81401
7190
7255
7335
7434
7650
7650
7535
7643
61997
78925
7240
7314
7591
61968
7110
7471
7460
7747
7790
78925
81401
7037
7299
7621
61972
78897
7471
61968
71805
81415
7510
7577
7591
61996
7015
61996
7650
81415
7222
7630
7650
61972
7037
61968
81415
7335
7577
7020
7471
7471
7630
61980
7168
7240
78897
7168
7591
7643
67005
81401
61996
71805
78922
81415
7577
89642
7207
7627
7005
7790
78897
7139
7139
7643
78925
7591
7005
7207
7577
7037
7299
7299
81401
7037
7139
7168
7181
7207
7110
7207
7240
7621
7630
7650
7027
7510
7630
7761
61998
7299
7627
81405
7037
7207
78925
81405
7005
7037
7110
7510
7149
7222
7299
7558
7621
7643
7630
7027
71805
7591
7761
7314
61996
61998
7110
78922
