20100105
20100105
20100105
20100105
20100105
20100105
20100105
20100105
20100105
20100105
20100105
20100105
20100105
20100105
20100105
20100105
20100105
20100105
20100106
20100106
20100106
20100106
20100106
20100106
20100106
20100106
20100106
20100106
20100106
20100106
20100106
20100107
20100107
20100107
20100107
20100107
20100107
20100107
20100107
20100108
20100108
20100108
20100108
20100108
20100108
20100108
20100108
20100106
20100106
20100106
20100106
20100106
20100106
20100106
20100107
20100107
20100107
20100107
20100107
20100107
20100104
20100104
20100104
20100104
20100104
20100104
20100104
20100104
20100104
20100104
20100104
20100104
20100104
20100104
20100104
20100105
20100105
20100105
20100105
20100105
20100105
20100105
20100105
20100105
20100105
20100302
20100302
20100302
20100302
20100302
20100302
20100302
20100302
20100302
20100302
20100302
20100302
20100302
20100302
20100302
20100303
20100303
20100228
20100228
20100301
20100301
20100301
20100301
20100301
20100301
20100301
20100301
20100301
20100301
20100301
20100301
20100301
20100301
20100301
20100301
20100301
20100301
20100301
20100301
20100301
20100227
20100227
20100228
20100228
20100228
20100228
20100228
20100228
20100228
20100228
20100228
20100228
20100228
20100228
20100223
20100223
20100223
20100223
20100224
20100224
20100224
20100224
20100224
20100224
20100224
20100224
20100224
20100224
20100224
20100224
20100224
20100224
20100224
20100224
20100224
20100224
20100225
20100225
20100225
20100225
20100225
20100225
20100225
20100225
20100225
20100225
20100225
20100225
20100225
20100225
20100225
20100225
20100226
20100226
20100226
20100226
20100226
20100226
20100226
20100226
20100226
20100226
20100226
20100227
20100227
20100227
20100227
20100227
20100227
20100227
20100227
20100227
20100227
20100222
20100222
20100222
20100222
20100222
20100223
20100223
20100223
20100223
20100223
20100223
20100223
20100223
20100223
20100223
20100223
20100412
20100412
20100412
20100412
20100412
20100412
20100412
20100412
20100413
20100413
20100413
20100413
20100413
20100413
20100413
20100413
20100413
20100413
20100413
20100413
20100413
20100413
20100413
20100413
20100413
20100413
20100407
20100407
20100407
20100407
20100407
20100407
20100407
20100407
20100407
20100408
20100408
20100408
20100408
20100408
20100408
20100408
20100408
20100408
20100408
20100408
20100408
20100408
20100408
20100408
20100410
20100410
20100410
20100410
20100410
20100410
20100411
20100411
20100411
20100411
20100411
20100411
20100411
20100411
20100411
20100411
20100411
20100411
20100411
20100411
20100412
20100412
20100412
20100412
20100412
20100412
20100412
20100412
20100409
20100409
20100409
20100409
20100409
20100409
20100409
20100409
20100409
20100410
20100410
20100410
20100410
20100410
20100410
20100410
20100410
20100410
20100410
20100410
20100406
20100406
20100406
20100406
20100406
20100406
20100406
20100407
20100407
20100407
20100407
20100407
20100407
20100407
20100408
20100408
20100408
20100408
20100409
20100409
20100409
20100409
20100409
20100409
20100430
20100430
20100430
20100430
20100430
20100430
20100430
20100430
20100430
20100430
20100430
20100430
20100430
20100430
20100430
20100427
20100427
20100427
20100427
20100428
20100428
20100428
20100428
20100428
20100428
20100428
20100428
20100428
20100428
20100428
20100428
20100428
20100428
20100428
20100428
20100428
20100428
20100428
20100428
20100428
20100428
20100429
20100429
20100429
20100429
20100429
20100429
20100429
20100429
20100429
20100429
20100429
20100429
20100429
20100429
20100429
20100429
20100430
20100426
20100426
20100427
20100427
20100427
20100427
20100427
20100427
20100427
20100427
20100427
20100427
20100427
20100427
20100427
20100427
20100427
20100427
20100427
20100427
20100427
20100427
20100427
20100425
20100425
20100425
20100426
20100426
20100426
20100426
20100426
20100426
20100426
20100426
20100426
20100426
20100426
20100426
20100426
20100426
20100426
20100424
20100424
20100424
20100424
20100424
20100425
20100425
20100425
20100425
20100425
20100425
20100425
20100321
20100321
20100321
20100321
20100321
20100321
20100322
20100322
20100322
20100322
20100322
20100322
20100322
20100322
20100322
20100322
20100322
20100322
20100508
20100508
20100508
20100508
20100508
20100508
20100508
20100508
20100508
20100508
20100509
20100509
20100509
20100509
20100509
20100509
20100509
20100509
20100509
20100509
20100509
20100509
20100509
20100509
20100509
20100509
20100509
20100509
20100509
20100509
20100509
20100509
20100510
20100510
20100510
20100510
20100510
20100510
20100510
20100510
20100510
20100510
20100510
20100510
20100510
20100510
20100510
20100510
20100511
20100511
20100511
20100511
20100511
20100511
20100511
20100511
20100511
20100511
20100507
20100507
20100507
20100507
20100507
20100507
20100507
20100507
20100507
20100508
20100508
20100508
20100508
20100508
20100508
20100508
20100508
20100508
20100508
20100511
20100511
20100511
20100512
20100512
20100512
20100512
20100512
20100512
20100512
20100512
20100512
20100512
20100512
20100512
20100512
20100512
20100512
20100512
20100512
20100512
20100513
20100513
20100513
20100513
20100513
20100513
20100513
20100513
20100513
20100513
20100513
20100513
20100513
20100513
20100513
20100513
20100513
20100513
20100513
20100513
20100513
20100513
20100513
20100513
20100514
20100514
20100514
20100514
20100514
20100514
20100514
20100514
20100514
20100514
20100514
20100514
20100514
20100514
20100514
20100514
20100514
20100514
20100514
20100514
20100514
20100514
20100217
20100217
20100217
20100217
20100217
20100217
20100217
20100217
20100217
20100217
20100217
20100217
20100217
20100217
20100217
20100217
20100217
20100217
20100217
20100217
20100218
20100218
20100219
20100219
20100219
20100219
20100219
20100219
20100219
20100219
20100219
20100219
20100219
20100219
20100219
20100220
20100220
20100220
20100220
20100220
20100220
20100220
20100215
20100215
20100215
20100215
20100215
20100215
20100215
20100215
20100215
20100215
20100215
20100215
20100215
20100215
20100215
20100215
20100215
20100215
20100215
20100216
20100601
20100601
20100601
20100601
20100601
20100601
20100601
20100601
20100601
20100601
20100601
20100601
20100601
20100601
20100601
20100602
20100602
20100602
20100602
20100602
20100602
20100602
20100602
20100602
20100602
20100602
20100602
20100602
20100602
20100602
20100602
20100603
20100603
20100603
20100603
20100603
20100603
20100603
20100603
20100603
20100603
20100603
20100603
20100603
20100603
20100604
20100604
20100604
20100604
20100604
20100604
20100604
20100604
20100604
20100604
20100604
20100604
20100604
20100604
20100604
20100604
20100604
20100605
20100605
20100605
20100605
20100605
20100605
20100605
20100605
20100605
20100605
20100605
20100605
20100605
20100605
20100605
20100605
20100605
20100605
20100605
20100606
20100606
20100606
20100606
20100606
20100606
20100606
20100606
20100606
20100606
20100606
20100606
20100606
20100606
20100606
20100606
20100606
20100606
20100606
20100606
20100607
20100607
20100607
20100607
20100607
20100607
20100607
20100607
20100607
20100607
20100607
20100607
20100607
20100607
20100607
20100607
20100607
20100607
20100607
20100607
20100607
20100607
20100607
20100608
20100608
20100608
20100608
20100608
20100608
20100608
20100608
20100608
20100608
20100608
20100608
20100608
20100608
20100608
20100608
20100608
20100608
20100608
20100609
20100609
20100609
20100609
20100609
20100609
20100609
20100609
20100609
20100609
20100609
20100609
20100609
20100609
20100609
20100610
20100610
20100610
20100610
20100610
20100610
20100610
20100610
20100610
20100610
20100610
20100610
20100610
20100610
20100610
20100610
20100610
20100611
20100611
20100611
20100611
20100611
20100611
20100611
20100611
20100611
20100611
20100611
20100611
20100611
20100611
20100611
20100524
20100524
20100524
20100524
20100524
20100524
20100524
20100525
20100525
20100525
20100525
20100525
20100525
20100525
20100525
20100525
20100525
20100525
20100525
20100525
20100525
20100525
20100525
20100526
20100526
20100526
20100526
20100526
20100526
20100526
20100526
20100526
20100526
20100526
20100526
20100526
20100526
20100526
20100526
20100526
20100527
20100527
20100527
20100527
20100527
20100527
20100527
20100527
20100527
20100527
20100527
20100527
20100527
20100527
20100527
20100527
20100527
20100527
20100527
20100527
20100527
20100528
20100528
20100528
20100528
20100528
20100528
20100528
20100528
20100528
20100528
20100528
20100528
20100528
20100528
20100528
20100528
20100529
20100529
20100529
20100529
20100529
20100529
20100529
20100529
20100529
20100529
20100529
20100529
20100529
20100529
20100529
20100529
20100529
20100529
20100529
20100529
20100529
20100529
20100530
20100530
20100530
20100530
20100530
20100530
20100530
20100530
20100530
20100530
20100530
20100530
20100530
20100530
20100530
20100530
20100530
20100530
20100530
20100530
20100531
20100531
20100531
20100531
20100531
20100531
20100531
20100531
20100531
20100531
20100531
20100531
20100531
20100531
20100531
20100531
20100515
20100515
20100515
20100515
20100515
20100515
20100515
20100515
20100515
20100515
20100515
20100515
20100515
20100515
20100515
20100516
20100516
20100516
20100516
20100516
20100516
20100516
20100516
20100516
20100516
20100516
20100516
20100516
20100516
20100516
20100516
20100516
20100516
20100516
20100517
20100517
20100517
20100517
20100517
20100517
20100517
20100517
20100517
20100517
20100517
20100517
20100517
20100517
20100517
20100518
20100518
20100518
20100518
20100518
20100518
20100518
20100518
20100518
20100518
20100518
20100518
20100518
20100518
20100518
20100518
20100518
20100519
20100519
20100519
20100519
20100519
20100519
20100519
20100519
20100520
20100520
20100520
20100520
20100520
20100520
20100520
20100520
20100520
20100520
20100521
20100521
20100521
20100521
20100521
20100521
20100521
20100521
20100521
20100521
20100521
20100521
20100521
20100521
20100521
20100521
20100521
20100521
20100521
20100521
20100521
20100522
20100522
20100522
20100522
20100522
20100522
20100522
20100522
20100522
20100523
20100523
20100523
20100523
20100523
20100523
20100523
20100523
20100523
20100523
20100523
20100523
20100523
20100523
20100523
20100523
20100523
20100523
20100524
20100524
20100524
20100524
20100524
20100524
20100524
20100524
20100524
20100524
20100524
20100323
20100323
20100323
20100323
20100323
20100323
20100323
20100323
20100323
20100323
20100323
20100323
20100323
20100323
20100323
20100324
20100324
20100324
20100324
20100324
20100324
20100324
20100324
20100324
20100324
20100324
20100324
20100324
20100324
20100324
20100324
20100324
20100324
20100324
20100324
20100324
20100324
20100325
20100325
20100325
20100325
20100325
20100502
20100502
20100502
20100502
20100502
20100502
20100502
20100502
20100502
20100502
20100502
20100502
20100502
20100502
20100502
20100503
20100503
20100503
20100503
20100503
20100503
20100503
20100503
20100503
20100503
20100503
20100503
20100503
20100503
20100503
20100503
20100503
20100503
20100503
20100503
20100503
20100504
20100504
20100504
20100504
20100504
20100501
20100501
20100501
20100501
20100501
20100501
20100501
20100501
20100501
20100501
20100501
20100501
20100501
20100501
20100501
20100501
20100501
20100501
20100502
20100502
20100506
20100506
20100506
20100506
20100506
20100506
20100506
20100506
20100506
20100506
20100506
20100506
20100506
20100506
20100507
20100507
20100507
20100507
20100507
20100507
20100507
20100507
20100505
20100505
20100505
20100505
20100505
20100505
20100506
20100506
20100506
20100506
20100506
20100506
20100506
20100506
20100506
20100506
20100504
20100504
20100504
20100504
20100504
20100504
20100504
20100504
20100505
20100505
20100505
20100505
20100505
20100218
20100218
20100218
20100218
20100218
20100218
20100218
20100218
20100218
20100218
20100218
20100219
20100219
20100219
20100219
20100219
20100219
20100219
20100219
20100220
20100220
20100220
20100220
20100220
20100220
20100220
20100220
20100220
20100220
20100220
20100220
20100221
20100221
20100221
20100221
20100221
20100221
20100314
20100314
20100314
20100314
20100314
20100314
20100314
20100314
20100314
20100314
20100314
20100314
20100314
20100314
20100315
20100313
20100313
20100313
20100313
20100313
20100313
20100313
20100313
20100313
20100313
20100313
20100313
20100313
20100313
20100315
20100315
20100315
20100315
20100315
20100315
20100315
20100315
20100315
20100315
20100315
20100316
20100316
20100316
20100316
20100316
20100316
20100316
20100316
20100316
20100316
20100316
20100316
20100316
20100316
20100316
20100316
20100317
20100317
20100317
20100317
20100317
20100317
20100317
20100317
20100317
20100317
20100317
20100317
20100317
20100317
20100318
20100318
20100318
20100318
20100311
20100312
20100312
20100312
20100312
20100312
20100312
20100312
20100312
20100312
20100312
20100312
20100312
20100312
20100318
20100318
20100318
20100318
20100318
20100318
20100318
20100319
20100319
20100319
20100319
20100319
20100319
20100319
20100319
20100319
20100319
20100319
20100319
20100319
20100319
20100319
20100319
20100319
20100320
20100320
20100320
20100320
20100320
20100320
20100320
20100320
20100320
20100320
20100320
20100320
20100320
20100320
20100320
20100320
20100320
20100320
20100321
20100321
20100321
20100321
20100321
20100321
20100321
20100321
20100321
20100321
20100321
20100321
20100309
20100309
20100309
20100309
20100309
20100309
20100309
20100309
20100309
20100309
20100310
20100310
20100310
20100310
20100310
20100310
20100310
20100310
20100310
20100310
20100310
20100310
20100310
20100310
20100310
20100310
20100311
20100311
20100311
20100311
20100311
20100311
20100311
20100311
20100311
20100311
20100307
20100307
20100307
20100307
20100307
20100307
20100308
20100308
20100308
20100308
20100308
20100308
20100308
20100308
20100308
20100308
20100308
20100308
20100308
20100308
20100308
20100306
20100306
20100306
20100306
20100306
20100306
20100307
20100307
20100304
20100304
20100304
20100304
20100304
20100304
20100304
20100305
20100305
20100305
20100305
20100305
20100305
20100305
20100305
20100305
20100305
20100303
20100303
20100303
20100303
20100303
20100303
20100303
20100303
20100303
20100303
20100303
20100303
20100303
20100304
20100308
20100308
20100308
20100308
20100308
20100309
20100309
20100309
20100309
20100309
20100309
20100309
20100309
20100309
20100309
20100305
20100305
20100305
20100305
20100305
20100305
20100305
20100306
20100306
20100306
20100306
20100306
20100306
20100419
20100419
20100419
20100419
20100419
20100419
20100419
20100419
20100419
20100419
20100419
20100419
20100419
20100419
20100420
20100420
20100420
20100420
20100420
20100420
20100420
20100420
20100420
20100420
20100420
20100420
20100420
20100420
20100420
20100420
20100420
20100420
20100420
20100420
20100420
20100421
20100421
20100421
20100421
20100421
20100421
20100421
20100421
20100421
20100421
20100421
20100421
20100421
20100421
20100421
20100421
20100421
20100422
20100422
20100422
20100422
20100422
20100422
20100422
20100422
20100422
20100422
20100422
20100422
20100422
20100422
20100422
20100422
20100422
20100422
20100423
20100423
20100423
20100423
20100423
20100423
20100423
20100423
20100423
20100423
20100423
20100423
20100423
20100424
20100424
20100424
20100424
20100424
20100424
20100424
20100424
20100416
20100416
20100416
20100416
20100416
20100416
20100416
20100416
20100416
20100416
20100416
20100416
20100416
20100416
20100416
20100416
20100416
20100417
20100417
20100417
20100417
20100417
20100417
20100417
20100417
20100417
20100417
20100417
20100417
20100417
20100417
20100417
20100417
20100417
20100417
20100417
20100417
20100417
20100417
20100417
20100417
20100418
20100418
20100418
20100418
20100418
20100418
20100418
20100418
20100418
20100418
20100418
20100418
20100418
20100418
20100418
20100418
20100418
20100418
20100418
20100418
20100418
20100418
20100418
20100419
20100413
20100413
20100414
20100414
20100414
20100414
20100414
20100414
20100414
20100414
20100414
20100414
20100414
20100414
20100414
20100414
20100414
20100414
20100414
20100415
20100415
20100415
20100415
20100415
20100415
20100415
20100415
20100415
20100415
20100415
20100415
20100415
20100415
20100415
20100415
20100415
20130305
20130305
20130305
20130305
20130305
20130305
20130305
20130305
20130305
20130305
20130305
20130305
20130305
20130305
20130305
20130305
20130305
20130305
20130305
20130305
20130305
20130305
20130305
20130306
20130306
20130306
20130306
20130306
20130306
20130306
20130306
20130306
20130306
20130306
20130306
20130306
20130306
20130306
20130306
20130306
20130307
20130307
20130307
20130307
20130307
20130307
20130307
20130307
20130307
20130307
20130307
20130307
20130307
20130307
20130307
20130307
20130307
20130307
20130307
20130308
20130308
20130308
20130308
20130308
20130308
20130308
20130308
20130308
20130308
20130308
20130308
20130308
20130308
20130308
20130308
20130308
20130309
20130309
20130309
20130309
20130309
20130309
20130309
20130309
20130311
20130311
20130312
20130312
20130312
20130312
20130312
20130312
20130312
20130312
20130312
20130312
20130312
20130312
20130312
20130312
20130312
20130312
20130313
20130313
20130313
20130313
20130313
20130313
20130313
20100210
20100210
20100211
20100211
20100211
20100211
20100211
20100211
20100211
20100211
20100211
20100211
20100211
20100211
20100211
20100211
20100214
20100214
20100214
20100214
20100214
20100214
20100214
20100214
20100214
20100214
20100214
20100214
20100214
20100215
20100215
20100118
20100118
20100118
20100118
20100118
20100118
20100118
20100118
20100118
20100119
20100119
20100119
20100122
20100122
20100122
20100122
20100122
20100122
20100122
20100122
20100123
20100123
20100123
20100123
20100123
20100123
20100123
20100123
20100123
20100123
20100123
20100123
20100130
20100130
20100130
20100130
20100130
20100130
20100130
20100130
20100130
20100130
20100130
20100130
20100131
20100131
20100131
20100129
20100129
20100129
20100129
20100129
20100129
20100129
20100129
20100129
20100129
20100129
20100129
20100129
20100129
20100129
20100129
20100129
20100129
20100129
20100129
20100129
20100116
20100116
20100116
20100116
20100116
20100116
20100116
20100116
20100116
20100116
20100116
20100116
20100116
20100116
20100116
20100116
20100117
20100117
20100117
20100202
20100202
20100202
20100202
20100202
20100202
20100202
20100202
20100202
20100202
20100202
20100202
20100202
20100203
20100203
20100203
20100203
20100203
20100203
20100203
20100203
20100203
20100209
20100210
20100210
20100210
20100210
20100210
20100210
20100210
20100210
20100210
20100210
20100210
20100210
20100210
20100210
20100210
20100210
20100210
20100210
20100212
20100212
20100213
20100213
20100213
20100213
20100213
20100213
20100213
20100213
20100213
20100213
20100213
20100213
20100213
20100213
20100213
20100213
20100213
20100213
20100213
20100213
20100213
20100112
20100113
20100113
20100113
20100113
20100113
20100113
20100113
20100113
20100113
20100113
20100113
20100113
20100113
20100113
20100113
20100113
20100113
20100113
20100113
20100121
20100121
20100121
20100121
20100121
20100121
20100121
20100121
20100121
20100122
20100122
20100122
20100122
20100122
20100122
20100119
20100119
20100119
20100119
20100119
20100119
20100119
20100120
20100120
20100120
20100120
20100120
20100120
20100120
20100120
20100207
20100207
20100207
20100208
20100208
20100208
20100208
20100208
20100208
20100208
20100208
20100208
20100208
20100208
20100208
20100208
20100209
20100209
20100209
20100209
20100209
20100209
20100209
20100209
20100209
20100209
20100209
20100209
20100211
20100212
20100212
20100212
20100212
20100212
20100212
20100212
20100212
20100212
20100216
20100216
20100216
20100216
20100216
20100216
20100216
20100216
20100216
20100216
20100216
20100216
20100216
20100216
20100216
20100217
20100217
20100217
20130309
20130309
20130309
20130309
20130309
20130309
20130309
20130309
20130309
20130309
20130309
20130310
20130310
20130310
20130310
20130310
20130310
20130310
20130310
20130310
20130310
20130310
20130310
20130310
20130311
20130311
20130311
20130311
20130311
20130311
20130311
20130311
20130311
20130311
20130311
20130311
20130311
20130311
20130402
20130402
20130402
20130402
20130402
20130402
20130403
20130403
20130403
20130403
20130403
20130403
20130403
20130403
20130403
20130403
20130403
20130403
20130403
20130403
20130403
20130403
20130403
20130404
20130404
20130404
20130404
20130404
20130404
20130404
20130404
20130404
20130331
20130331
20130331
20130331
20130331
20130401
20130401
20130401
20130401
20130401
20130401
20130401
20130401
20130401
20130401
20130401
20130304
20130304
20130304
20130304
20130304
20130304
20130304
20130304
20130304
20130304
20130304
20130304
20130304
20130304
20130304
20130304
20130304
20130304
20130304
20130304
20130304
20130304
20130304
20130327
20130327
20130327
20130328
20130329
20130330
20130330
20130330
20130330
20130330
20130330
20130330
20130330
20130330
20130331
20130331
20130331
20130331
20130331
20130331
20130331
20130331
20130404
20130404
20130404
20130404
20130404
20130404
20130404
20130404
20130405
20130405
20130405
20130405
20130405
20130405
20130405
20130405
20130405
20130405
20130405
20130405
20130405
20130405
20130405
20130405
20130406
20130406
20130406
20130406
20130406
20130406
20130406
20130406
20130406
20130406
20130406
20130406
20130406
20130406
20130406
20130407
20130407
20130407
20130407
20130407
20130407
20130407
20130407
20130407
20130407
20130407
20130407
20130407
20130407
20130407
20130407
20130408
20130408
20130408
20130408
20130408
20130408
20130408
20130408
20130408
20130408
20130408
20130408
20130408
20130313
20130314
20130314
20130314
20130314
20130314
20130314
20130314
20130314
20130314
20130314
20130314
20130314
20130314
20130314
20130314
20130315
20130315
20130315
20130315
20130315
20130315
20130315
20130315
20130315
20130315
20130315
20130315
20130315
20130315
20130316
20130316
20130316
20130316
20130316
20130316
20130316
20130316
20130316
20130316
20130316
20130316
20130316
20130316
20130316
20130316
20130316
20130317
20130317
20130317
20130317
20130317
20130317
20130317
20130317
20130317
20130317
20130317
20130317
20130317
20130317
20100614
20100614
20100614
20100614
20100614
20100614
20100614
20100614
20100614
20100614
20100614
20100614
20100614
20100614
20100619
20100619
20100619
20100619
20100619
20100619
20100619
20100619
20100619
20100619
20100619
20100619
20100620
20100620
20100620
20100620
20100620
20100620
20100620
20100620
20100620
20100620
20100620
20100620
20100620
20100620
20100620
20100620
20100620
20100620
20100620
20100620
20100620
20100620
20100620
20100620
20100620
20100620
20100620
20100621
20100621
20100621
20100621
20100621
20100621
20100621
20100621
20100820
20100820
20100820
20100820
20100820
20100821
20100821
20100821
20100821
20100821
20100821
20100821
20100821
20100821
20100822
20100822
20100822
20100822
20100822
20100822
20100822
20100822
20100822
20100822
20100822
20100822
20100822
20100822
20100823
20100823
20100823
20100823
20100823
20100823
20100823
20100823
20100823
20100823
20100823
20100823
20100823
20100823
20100823
20100824
20100824
20100824
20100824
20100824
20100824
20100824
20100824
20100824
20100824
20100824
20100824
20100824
20100824
20100824
20100825
20100825
20100825
20100825
20100825
20100825
20100825
20100825
20100825
20100825
20100825
20100825
20100826
20100826
20100826
20100826
20100826
20100826
20100826
20100826
20100826
20100826
20100826
20100826
20100826
20100827
20100827
20100827
20100827
20100827
20100827
20100827
20100827
20100827
20100910
20100910
20100910
20100910
20100910
20100910
20100910
20100910
20100910
20100910
20100910
20100910
20100910
20100910
20100910
20100910
20100910
20100911
20100911
20100911
20100911
20100911
20100911
20100911
20100911
20100911
20100911
20100911
20100911
20100911
20100911
20100912
20100912
20100912
20100912
20100912
20100912
20100912
20100912
20100912
20100912
20100912
20100912
20100912
20100912
20100912
20100913
20100913
20100913
20100913
20100913
20100913
20100913
20100913
20100913
20100913
20100913
20100913
20100913
20100913
20100913
20100913
20100913
20100914
20100914
20100914
20100914
20100914
20100914
20100914
20100914
20100914
20100914
20100915
20100915
20100915
20100915
20100915
20100915
20100915
20100915
20100915
20100915
20100915
20100915
20100915
20100816
20100816
20100816
20100816
20100816
20100816
20100816
20100816
20100817
20100817
20100817
20100817
20100817
20100817
20100817
20100817
20100817
20100817
20100817
20100817
20100817
20100817
20100817
20100817
20100817
20100817
20100818
20100818
20100818
20100818
20100818
20100818
20100818
20100818
20100818
20100818
20100818
20100818
20100818
20100818
20100818
20100818
20100818
20100818
20100818
20100818
20100818
20100818
20100818
20100818
20100819
20100819
20100819
20100819
20100819
20100819
20100827
20100827
20100827
20100827
20100827
20100827
20100827
20100827
20100828
20100828
20100828
20100828
20100828
20100828
20100828
20100828
20100828
20100828
20100828
20100828
20100828
20100828
20100828
20100828
20100828
20100828
20100828
20100829
20100829
20100829
20100829
20100829
20100829
20100829
20100829
20100829
20100829
20100829
20100618
20100618
20100618
20100618
20100618
20100618
20100618
20100618
20100618
20100618
20100618
20100619
20100619
20100619
20100619
20100619
20100619
20100616
20100616
20100616
20100616
20100616
20100616
20100616
20100616
20100616
20100616
20100616
20100616
20100616
20100617
20100617
20100617
20100617
20100612
20100612
20100612
20100612
20100612
20100613
20100613
20100613
20100613
20100613
20100613
20100613
20100613
20100613
20100613
20100613
20100613
20100613
20100613
20100613
20100611
20100611
20100611
20100612
20100612
20100612
20100612
20100612
20100612
20100612
20100612
20100612
20100612
20100612
20100612
20100612
20100612
20100615
20100615
20100615
20100615
20100615
20100615
20100615
20100615
20100615
20100615
20100615
20100615
20100615
20100615
20100615
20100615
20100615
20100615
20100615
20100615
20100615
20100615
20100615
20100615
20100615
20100615
20100615
20100615
20100616
20100616
20100617
20100617
20100617
20100617
20100617
20100617
20100617
20100617
20100617
20100617
20100617
20100617
20100617
20100617
20100617
20100617
20100617
20100617
20100617
20100617
20100617
20100617
20100618
20100618
20100618
20100618
20100618
20100621
20100621
20100621
20100621
20100621
20100621
20100621
20100621
20100621
20100621
20100621
20100621
20100622
20100622
20100622
20100622
20100622
20100622
20100622
20100622
20100622
20100622
20100622
20100622
20100622
20100622
20100622
20100622
20100622
20100622
20100622
20100623
20100623
20100623
20100623
20100623
20100623
20100805
20100805
20100805
20100805
20100805
20100805
20100805
20100805
20100805
20100805
20100805
20100806
20100806
20100806
20100806
20100806
20100806
20100806
20100806
20100806
20100806
20100806
20100806
20100806
20100806
20100806
20100806
20100806
20100806
20100806
20100806
20100806
20100806
20100806
20100807
20100807
20100807
20100807
20100807
20100807
20100807
20100807
20100807
20100807
20100807
20100807
20100807
20100808
20100808
20100808
20100808
20100808
20100808
20100808
